0
1
2
3
4
5
6
7
8
9
10
11
12
13
14
15
16
17
18
19
20
21
22
23
24
25
26
27
28
29
30
31
32
33
34
35
36
37
38
39
40
41
42
43
44
45
46
47
48
49
50
51
52
53
54
55
56
57
58
59
60
61
62
63
64
65
66
67
68
69
70
71
72
73
74
75
76
77
78
79
80
81
82
83
84
85
86
87
88
89
90
91
92
93
94
105
107
110
198
220
222
234
238
242
246
248
250
254
256
257
258
259
260
261
262
263
264
265
266
267
268
269
271
272
273
274
275
276
277
278
279
280
281
282
283
284
285
286
287
288
289
290
291
292
293
294
295
296
298
299
300
301
302
303
304
305
306
307
308
309
310
311
312
313
314
315
316
318
319
320
321
322
323
324
325
326
327
328
329
331
332
333
334
335
336
337
338
339
340
341
342
343
344
345
346
347
348
349
350
351
352
353
354
356
357
358
359
361
362
363
364
365
366
367
368
369
370
371
372
373
374
375
378
379
380
381
382
383
384
385
386
387
388
389
390
391
393
394
395
396
397
398
400
401
403
405
406
407
408
409
410
411
413
414
415
416
417
418
419
420
421
423
424
425
426
427
428
429
430
432
434
435
436
437
438
439
440
442
443
445
446
447
448
449
451
452
453
456
457
458
460
461
462
463
464
466
467
468
469
470
471
472
473
474
475
476
477
478
479
481
482
483
484
485
486
487
488
489
490
491
492
493
494
495
496
497
498
499
500
502
503
504
505
506
508
509
510
511
512
513
514
515
516
517
519
520
521
522
523
524
525
528
529
531
532
533
534
535
536
537
538
539
540
541
542
543
544
547
548
549
550
551
552
553
554
557
558
559
560
561
562
563
565
567
569
570
571
572
573
574
575
577
578
579
580
581
585
586
587
588
589
590
591
592
593
594
595
596
598
599
602
603
604
605
606
607
608
609
610
611
613
614
615
616
619
620
621
622
623
624
625
627
628
629
631
632
633
635
636
638
639
640
641
642
643
644
645
646
647
648
649
650
652
653
655
657
658
659
660
662
663
664
666
667
668
669
670
671
672
673
674
678
680
681
682
683
684
685
686
687
689
691
692
694
695
696
697
698
701
703
704
706
707
708
709
710
712
713
714
716
717
719
721
722
723
724
725
727
728
729
730
732
733
734
735
736
737
738
739
741
742
745
746
748
750
751
752
753
754
756
757
759
760
761
762
763
765
766
767
768
769
770
771
772
773
776
777
778
780
781
782
783
784
785
786
787
788
789
791
793
794
795
796
797
799
800
801
802
803
804
805
806
807
809
810
812
813
814
815
816
818
819
821
823
824
825
826
828
829
830
831
832
833
835
836
837
839
840
841
842
843
846
847
848
849
850
851
852
853
854
855
856
857
859
860
864
866
867
868
869
871
873
874
875
877
878
879
880
881
883
884
886
887
888
889
890
892
893
894
895
896
898
899
900
901
902
905
906
907
908
909
910
911
912
913
914
915
916
917
918
919
920
922
925
926
927
928
930
931
935
936
938
939
940
941
942
943
944
945
946
947
948
949
950
951
955
956
957
958
960
961
962
965
966
967
969
970
971
973
974
975
976
977
978
980
981
982
984
987
988
989
992
993
994
995
996
997
998
999
1000
1001
1002
1004
1005
1006
1007
1008
1009
1010
1014
1015
1016
1017
1018
1019
1020
1021
1022
1024
1025
1026
1027
1029
1030
1031
1034
1035
1037
1038
1039
1040
1042
1043
1044
1046
1047
1048
1049
1050
1052
1053
1054
1056
1057
1058
1059
1060
1061
1062
1063
1064
1066
1067
1068
1070
1071
1072
1073
1074
1076
1077
1079
1080
1081
1083
1085
1086
1088
1089
1091
1092
1094
1095
1097
1098
1100
1101
1102
1103
1104
1105
1106
1110
1112
1113
1114
1116
1117
1118
1119
1120
1121
1123
1124
1126
1128
1129
1130
1132
1133
1134
1135
1136
1137
1138
1139
1140
1141
1142
1143
1144
1145
1146
1148
1149
1150
1151
1152
1153
1154
1156
1157
1158
1159
1160
1162
1163
1164
1165
1166
1167
1170
1171
1172
1173
1174
1175
1176
1178
1179
1180
1182
1184
1187
1188
1189
1192
1194
1196
1197
1198
1199
1200
1201
1202
1203
1204
1205
1206
1208
1209
1210
1211
1212
1214
1216
1217
1218
1220
1223
1224
1225
1226
1227
1228
1231
1234
1235
1236
1237
1238
1239
1240
1242
1243
1245
1246
1247
1248
1249
1250
1251
1253
1254
1255
1256
1257
1258
1259
1261
1262
1264
1265
1266
1267
1268
1271
1272
1273
1274
1275
1277
1278
1280
1282
1283
1284
1286
1287
1288
1289
1290
1292
1293
1295
1299
1300
1301
1302
1303
1304
1306
1307
1308
1310
1311
1313
1314
1316
1317
1318
1319
1320
1321
1323
1324
1325
1326
1327
1328
1330
1331
1332
1333
1334
1335
1340
1343
1344
1345
1347
1349
1350
1352
1353
1354
1355
1357
1358
1361
1362
1364
1365
1366
1367
1368
1369
1371
1373
1375
1378
1379
1380
1381
1382
1384
1385
1386
1387
1388
1391
1393
1394
1395
1396
1397
1401
1402
1404
1405
1406
1407
1409
1410
1411
1412
1414
1417
1419
1420
1421
1422
1423
1425
1428
1429
1430
1432
1433
1434
1435
1436
1438
1439
1440
1441
1442
1443
1444
1445
1446
1447
1448
1449
1452
1453
1455
1456
1457
1458
1459
1461
1462
1463
1465
1467
1469
1470
1472
1473
1475
1476
1477
1478
1479
1480
1481
1482
1483
1484
1485
1487
1489
1493
1494
1495
1496
1497
1498
1500
1502
1503
1505
1506
1508
1509
1510
1511
1512
1513
1514
1515
1518
1519
1520
1521
1525
1526
1527
1528
1531
1532
1533
1534
1535
1536
1537
1538
1541
1542
1543
1545
1546
1547
1549
1550
1551
1552
1557
1558
1559
1560
1562
1565
1566
1567
1568
1570
1572
1573
1574
1575
1576
1577
1578
1579
1580
1581
1583
1584
1586
1587
1588
1590
1591
1592
1593
1595
1596
1597
1599
1601
1602
1603
1605
1607
1608
1609
1610
1611
1612
1615
1617
1618
1619
1620
1622
1623
1625
1626
1627
1628
1630
1633
1634
1637
1638
1639
1640
1642
1643
1647
1648
1650
1651
1652
1653
1654
1655
1656
1657
1658
1660
1661
1662
1665
1666
1667
1669
1670
1671
1673
1674
1675
1676
1678
1679
1680
1681
1682
1683
1684
1685
1686
1687
1688
1690
1691
1692
1696
1697
1698
1702
1704
1705
1707
1708
1710
1711
1714
1715
1716
1719
1720
1721
1722
1723
1724
1727
1728
1730
1732
1733
1734
1736
1737
1740
1741
1742
1743
1744
1745
1748
1749
1752
1753
1754
1756
1757
1759
1760
1761
1762
1763
1764
1765
1767
1768
1769
1772
1773
1774
1777
1779
1780
1781
1782
1783
1784
1785
1786
1787
1788
1791
1792
1793
1794
1795
1796
1797
1798
1799
1801
1802
1804
1806
1807
1808
1809
1812
1814
1815
1816
1817
1818
1820
1821
1822
1824
1825
1826
1827
1828
1829
1830
1831
1833
1834
1835
1836
1841
1844
1845
1846
1847
1848
1849
1850
1851
1852
1855
1856
1857
1858
1860
1863
1864
1865
1866
1867
1868
1870
1871
1873
1875
1876
1877
1879
1881
1882
1883
1888
1890
1891
1892
1893
1895
1896
1897
1898
1899
1901
1902
1904
1905
1906
1908
1910
1911
1916
1917
1918
1919
1920
1921
1923
1925
1926
1927
1928
1929
1931
1932
1936
1937
1938
1941
1942
1943
1944
1946
1947
1948
1950
1951
1954
1958
1959
1960
1964
1965
1966
1967
1968
1970
1973
1975
1977
1979
1981
1982
1984
1985
1987
1988
1989
1990
1992
1993
1994
1996
2000
2002
2004
2006
2007
2009
2010
2011
2012
2014
2015
2017
2018
2019
2020
2021
2022
2027
2029
2033
2034
2036
2037
2046
2047
2048
2050
2052
2053
2054
2056
2058
2059
2060
2061
2064
2068
2069
2070
2072
2073
2074
2075
2076
2077
2078
2080
2081
2083
2084
2085
2086
2087
2089
2091
2093
2094
2095
2096
2098
2099
2100
2101
2105
2107
2108
2109
2113
2114
2117
2119
2120
2121
2123
2124
2126
2127
2128
2129
2131
2132
2133
2134
2135
2136
2138
2143
2144
2145
2149
2152
2153
2155
2159
2160
2162
2163
2164
2166
2167
2168
2171
2172
2173
2174
2176
2177
2178
2179
2182
2184
2185
2186
2187
2189
2190
2191
2192
2193
2194
2195
2197
2198
2199
2200
2202
2204
2205
2208
2211
2212
2213
2215
2216
2217
2218
2220
2222
2224
2225
2228
2229
2231
2232
2233
2234
2235
2236
2238
2241
2243
2244
2246
2248
2250
2251
2253
2255
2256
2257
2258
2260
2261
2262
2263
2264
2266
2267
2270
2271
2272
2278
2279
2282
2285
2286
2288
2291
2293
2294
2297
2298
2299
2301
2302
2304
2305
2306
2308
2309
2311
2312
2313
2315
2316
2318
2319
2320
2321
2324
2325
2329
2330
2332
2334
2336
2338
2339
2340
2341
2342
2343
2344
2346
2348
2349
2353
2354
2355
2357
2359
2361
2362
2364
2366
2368
2369
2372
2373
2374
2376
2378
2379
2380
2381
2383
2387
2388
2389
2390
2391
2393
2394
2396
2397
2399
2400
2402
2403
2404
2406
2407
2408
2410
2412
2414
2418
2420
2423
2424
2425
2426
2427
2428
2429
2430
2431
2433
2434
2435
2437
2438
2439
2440
2441
2442
2444
2445
2446
2447
2448
2450
2452
2454
2456
2458
2459
2463
2465
2466
2467
2468
2469
2471
2472
2473
2475
2476
2477
2478
2480
2482
2483
2484
2487
2488
2491
2492
2493
2495
2496
2497
2500
2502
2503
2506
2507
2508
2510
2512
2513
2515
2516
2518
2519
2522
2523
2525
2526
2528
2531
2532
2533
2534
2536
2538
2540
2542
2543
2544
2545
2548
2549
2551
2552
2554
2556
2557
2558
2559
2560
2561
2563
2564
2565
2569
2570
2571
2572
2573
2574
2575
2577
2578
2579
2580
2581
2582
2583
2585
2586
2587
2588
2589
2590
2592
2594
2595
2597
2598
2599
2600
2602
2603
2604
2605
2606
2608
2609
2610
2612
2614
2615
2617
2621
2623
2624
2626
2629
2630
2631
2632
2634
2639
2640
2641
2643
2644
2645
2649
2651
2652
2653
2658
2659
2660
2662
2663
2664
2665
2668
2670
2673
2674
2676
2677
2680
2683
2685
2686
2688
2695
2699
2701
2702
2704
2705
2706
2708
2713
2714
2715
2716
2717
2719
2720
2721
2723
2724
2725
2726
2730
2731
2732
2733
2736
2737
2738
2739
2741
2742
2743
2746
2749
2751
2752
2755
2756
2759
2763
2764
2766
2767
2768
2772
2773
2774
2775
2777
2781
2782
2784
2785
2786
2787
2789
2790
2791
2792
2793
2794
2796
2797
2798
2799
2800
2801
2803
2805
2806
2807
2809
2814
2815
2817
2818
2820
2822
2823
2824
2825
2826
2827
2829
2830
2831
2833
2835
2836
2838
2839
2842
2843
2844
2845
2846
2849
2850
2852
2854
2855
2857
2858
2860
2864
2865
2871
2872
2873
2874
2876
2877
2878
2879
2880
2884
2885
2887
2891
2892
2894
2895
2896
2897
2900
2902
2903
2904
2905
2907
2908
2911
2912
2914
2915
2918
2921
2922
2923
2924
2929
2931
2932
2933
2935
2937
2939
2940
2942
2943
2944
2945
2949
2950
2951
2952
2953
2954
2956
2957
2958
2960
2961
2962
2963
2964
2965
2967
2969
2972
2974
2975
2977
2978
2979
2980
2981
2982
2983
2984
2985
2987
2992
2993
2994
2995
2997
2999
3000
3001
3002
3005
3008
3009
3010
3015
3016
3018
3019
3022
3023
3024
3026
3029
3032
3033
3035
3036
3037
3038
3039
3040
3041
3042
3043
3044
3045
3046
3047
3048
3049
3050
3051
3052
3053
3054
3055
3057
3058
3059
3060
3061
3063
3065
3067
3069
3070
3072
3074
3075
3079
3081
3082
3083
3084
3085
3086
3088
3090
3092
3095
3099
3101
3102
3105
3106
3107
3108
3109
3110
3112
3113
3114
3118
3122
3124
3125
3127
3129
3130
3131
3133
3134
3136
3137
3138
3140
3141
3145
3146
3147
3148
3150
3151
3152
3153
3154
3155
3156
3157
3158
3160
3161
3162
3163
3164
3165
3166
3171
3172
3173
3175
3177
3179
3181
3184
3185
3186
3187
3190
3191
3192
3193
3195
3196
3197
3200
3203
3208
3212
3213
3214
3215
3216
3217
3219
3220
3221
3222
3223
3228
3231
3233
3234
3237
3238
3240
3242
3244
3252
3253
3254
3255
3256
3258
3262
3264
3267
3269
3270
3272
3273
3274
3276
3278
3281
3282
3284
3285
3286
3287
3288
3289
3290
3291
3294
3295
3296
3297
3299
3300
3301
3302
3305
3306
3307
3309
3310
3311
3312
3313
3314
3315
3316
3319
3320
3322
3325
3328
3330
3335
3336
3337
3340
3343
3348
3349
3354
3356
3357
3358
3359
3361
3364
3365
3367
3369
3370
3371
3374
3376
3377
3379
3381
3382
3384
3386
3387
3388
3389
3390
3392
3393
3394
3395
3397
3401
3402
3403
3404
3405
3406
3408
3410
3412
3413
3414
3416
3417
3418
3420
3421
3423
3425
3427
3428
3429
3430
3431
3432
3433
3435
3436
3437
3438
3439
3440
3442
3443
3444
3445
3446
3447
3449
3451
3455
3456
3459
3460
3461
3462
3464
3466
3467
3469
3470
3476
3477
3478
3480
3481
3482
3486
3487
3488
3491
3494
3495
3497
3498
3500
3501
3502
3505
3506
3507
3508
3510
3511
3512
3513
3515
3518
3519
3520
3521
3524
3525
3528
3529
3533
3534
3535
3536
3537
3539
3541
3542
3543
3544
3545
3547
3549
3552
3553
3555
3556
3558
3559
3562
3563
3564
3565
3566
3568
3571
3572
3573
3574
3575
3577
3578
3579
3581
3583
3584
3586
3587
3588
3591
3593
3594
3595
3597
3599
3600
3601
3602
3603
3604
3605
3607
3608
3609
3611
3613
3614
3616
3618
3619
3620
3621
3622
3625
3626
3627
3628
3631
3632
3633
3637
3638
3639
3641
3644
3645
3648
3653
3654
3655
3658
3659
3661
3662
3663
3665
3667
3668
3669
3670
3671
3672
3676
3677
3678
3679
3682
3683
3684
3686
3689
3692
3693
3696
3699
3700
3701
3702
3705
3706
3708
3709
3710
3712
3714
3715
3716
3717
3718
3719
3720
3721
3722
3723
3725
3726
3727
3728
3729
3730
3732
3733
3736
3738
3740
3741
3742
3743
3745
3746
3749
3750
3751
3752
3753
3754
3755
3756
3757
3758
3759
3762
3764
3765
3766
3768
3771
3772
3773
3776
3778
3787
3788
3790
3793
3795
3796
3797
3798
3799
3804
3807
3808
3810
3811
3812
3813
3814
3815
3816
3817
3818
3820
3826
3827
3829
3833
3835
3838
3839
3840
3841
3842
3843
3845
3847
3848
3849
3850
3851
3853
3855
3856
3858
3860
3870
3872
3874
3875
3876
3878
3879
3882
3884
3885
3886
3888
3889
3890
3891
3892
3895
3896
3899
3900
3902
3903
3905
3906
3913
3915
3920
3921
3922
3924
3925
3926
3927
3928
3929
3930
3931
3932
3934
3935
3936
3937
3938
3942
3943
3944
3945
3946
3948
3949
3950
3952
3953
3954
3955
3956
3957
3960
3962
3964
3967
3972
3974
3976
3977
3979
3981
3982
3983
3984
3986
3988
3989
3990
3992
3993
3994
3995
3996
3997
3998
3999
4000
4001
4002
4003
4004
4005
4006
4009
4010
4011
4016
4021
4024
4025
4026
4028
4030
4031
4034
4035
4036
4037
4038
4041
4043
4045
4047
4048
4050
4051
4052
4054
4055
4057
4058
4060
4062
4066
4067
4069
4071
4072
4073
4075
4077
4079
4081
4082
4087
4088
4089
4090
4091
4092
4093
4097
4098
4100
4101
4102
4104
4105
4106
4108
4109
4110
4111
4119
4120
4123
4125
4126
4128
4129
4130
4131
4132
4133
4137
4138
4139
4145
4146
4147
4149
4150
4151
4152
4154
4156
4158
4161
4162
4165
4166
4168
4169
4172
4173
4177
4178
4179
4180
4181
4182
4184
4185
4188
4190
4191
4193
4194
4195
4196
4199
4202
4203
4204
4205
4206
4210
4211
4212
4213
4216
4220
4221
4222
4225
4229
4230
4233
4235
4237
4238
4240
4241
4243
4244
4245
4246
4249
4250
4252
4254
4255
4257
4258
4261
4263
4265
4267
4268
4272
4273
4274
4275
4276
4277
4278
4279
4281
4282
4283
4284
4290
4291
4292
4293
4299
4300
4303
4306
4307
4308
4309
4310
4313
4317
4319
4321
4322
4324
4325
4327
4330
4332
4334
4336
4338
4341
4343
4346
4350
4351
4352
4354
4356
4361
4362
4364
4368
4370
4371
4374
4377
4378
4379
4380
4381
4382
4384
4386
4387
4391
4393
4394
4395
4405
4406
4409
4413
4415
4416
4417
4418
4420
4424
4425
4427
4428
4429
4430
4431
4433
4434
4437
4439
4440
4441
4442
4443
4448
4449
4450
4451
4452
4454
4455
4456
4458
4459
4465
4466
4469
4471
4472
4473
4474
4475
4478
4479
4480
4482
4483
4486
4487
4489
4490
4491
4492
4494
4496
4497
4499
4501
4503
4507
4515
4516
4518
4519
4520
4523
4524
4525
4528
4530
4531
4532
4534
4535
4536
4537
4538
4540
4541
4542
4543
4545
4546
4548
4549
4550
4551
4552
4553
4555
4556
4557
4558
4559
4560
4562
4563
4565
4566
4570
4573
4574
4575
4577
4578
4581
4582
4583
4585
4587
4590
4592
4593
4595
4598
4599
4601
4602
4603
4606
4609
4610
4611
4613
4616
4617
4618
4619
4620
4621
4623
4625
4628
4630
4631
4633
4635
4637
4639
4643
4644
4650
4651
4653
4654
4660
4661
4663
4664
4666
4667
4670
4671
4673
4674
4679
4680
4682
4686
4687
4688
4691
4692
4694
4695
4696
4697
4699
4701
4702
4703
4705
4706
4710
4711
4713
4714
4715
4716
4719
4722
4723
4727
4729
4730
4732
4736
4738
4741
4742
4744
4747
4748
4749
4750
4751
4752
4754
4757
4758
4759
4763
4766
4769
4771
4773
4774
4775
4777
4778
4779
4782
4785
4786
4789
4790
4792
4794
4799
4800
4801
4802
4804
4805
4807
4808
4810
4811
4814
4815
4816
4818
4821
4823
4825
4826
4829
4830
4831
4833
4840
4841
4842
4844
4847
4848
4850
4851
4852
4853
4858
4859
4860
4861
4862
4863
4864
4866
4868
4871
4873
4874
4875
4876
4879
4880
4881
4884
4885
4886
4887
4888
4890
4891
4895
4897
4898
4899
4906
4909
4910
4913
4914
4916
4917
4918
4919
4920
4922
4923
4924
4925
4927
4928
4929
4935
4936
4937
4938
4939
4941
4942
4944
4945
4946
4947
4950
4951
4952
4953
4954
4955
4956
4958
4959
4960
4961
4962
4963
4964
4965
4968
4969
4970
4973
4977
4979
4980
4981
4984
4987
4989
4990
4992
4993
4995
4996
4997
4998
5000
5003
5004
5008
5010
5011
5012
5013
5014
5015
5016
5019
5020
5024
5027
5028
5031
5036
5037
5038
5039
5040
5041
5042
5044
5045
5046
5048
5053
5054
5055
5058
5062
5064
5067
5068
5069
5070
5071
5072
5073
5076
5077
5078
5081
5084
5085
5089
5090
5091
5095
5096
5097
5098
5099
5101
5102
5104
5106
5109
5111
5113
5115
5117
5119
5120
5121
5122
5125
5126
5127
5128
5129
5132
5133
5134
5136
5137
5138
5140
5141
5142
5143
5144
5145
5146
5147
5148
5149
5150
5151
5152
5154
5158
5164
5165
5167
5170
5171
5173
5175
5176
5177
5181
5182
5183
5184
5186
5187
5188
5190
5192
5193
5194
5197
5198
5199
5200
5202
5205
5208
5210
5213
5214
5215
5216
5218
5219
5221
5222
5223
5224
5225
5226
5227
5231
5232
5235
5236
5237
5242
5243
5245
5248
5251
5252
5253
5254
5255
5257
5258
5261
5262
5263
5264
5265
5268
5272
5273
5274
5275
5276
5281
5283
5284
5285
5287
5289
5291
5292
5299
5303
5304
5305
5306
5307
5308
5309
5310
5312
5313
5315
5316
5317
5318
5320
5322
5323
5324
5326
5327
5328
5330
5331
5332
5334
5335
5337
5338
5339
5340
5342
5344
5346
5347
5348
5350
5351
5352
5353
5354
5356
5357
5359
5362
5364
5365
5368
5369
5370
5372
5373
5374
5375
5376
5378
5380
5381
5382
5384
5391
5392
5396
5402
5403
5404
5405
5406
5407
5408
5409
5411
5414
5417
5418
5419
5423
5426
5427
5428
5433
5434
5435
5436
5437
5438
5439
5443
5444
5445
5447
5448
5449
5453
5454
5455
5456
5457
5458
5460
5463
5466
5467
5468
5469
5471
5473
5474
5477
5478
5479
5480
5482
5484
5486
5487
5488
5490
5491
5492
5493
5494
5495
5497
5499
5500
5503
5506
5509
5511
5514
5515
5517
5520
5523
5524
5526
5527
5528
5529
5530
5531
5532
5533
5534
5535
5536
5548
5550
5553
5555
5558
5559
5560
5561
5562
5564
5565
5568
5574
5576
5578
5579
5584
5586
5587
5588
5589
5593
5594
5596
5597
5599
5600
5601
5604
5605
5606
5608
5609
5610
5611
5612
5614
5615
5617
5618
5619
5620
5621
5627
5628
5629
5632
5634
5637
5638
5639
5642
5643
5645
5653
5654
5656
5658
5661
5666
5667
5668
5671
5672
5673
5674
5675
5676
5677
5684
5685
5686
5687
5688
5689
5690
5692
5693
5696
5697
5706
5707
5708
5715
5717
5718
5721
5722
5726
5727
5728
5732
5733
5734
5736
5737
5738
5740
5741
5742
5743
5745
5748
5749
5751
5752
5757
5758
5759
5761
5762
5763
5764
5767
5769
5772
5774
5779
5780
5781
5784
5786
5787
5788
5789
5790
5791
5792
5796
5799
5800
5801
5802
5805
5807
5812
5813
5817
5818
5821
5822
5823
5827
5829
5830
5832
5834
5836
5837
5839
5842
5844
5846
5851
5852
5853
5854
5855
5860
5861
5862
5865
5868
5870
5871
5874
5875
5876
5877
5878
5879
5880
5886
5887
5888
5889
5891
5893
5894
5896
5899
5901
5902
5903
5904
5909
5910
5911
5915
5916
5917
5919
5920
5924
5927
5928
5933
5934
5937
5941
5943
5945
5946
5947
5951
5952
5953
5954
5956
5961
5964
5971
5972
5975
5976
5978
5979
5981
5982
5983
5985
5987
5989
5990
5991
5995
5996
5998
6000
6001
6004
6006
6007
6008
6011
6015
6018
6020
6025
6027
6030
6031
6032
6033
6035
6037
6038
6040
6041
6042
6043
6044
6046
6047
6051
6052
6054
6056
6058
6060
6061
6063
6064
6065
6066
6070
6072
6077
6078
6081
6082
6084
6085
6088
6090
6092
6093
6094
6097
6103
6104
6107
6108
6109
6112
6113
6114
6117
6121
6125
6126
6129
6130
6131
6132
6133
6134
6136
6140
6142
6144
6146
6148
6149
6150
6151
6153
6157
6158
6160
6164
6167
6171
6173
6177
6182
6183
6184
6186
6187
6191
6195
6196
6197
6198
6199
6203
6206
6208
6211
6212
6213
6214
6217
6218
6220
6221
6222
6223
6227
6228
6229
6232
6233
6235
6237
6238
6239
6241
6243
6245
6246
6248
6249
6250
6253
6256
6257
6258
6260
6262
6263
6265
6267
6268
6269
6273
6274
6276
6277
6278
6279
6281
6282
6283
6284
6286
6289
6295
6297
6300
6301
6302
6304
6305
6306
6308
6309
6310
6311
6313
6316
6319
6320
6323
6325
6326
6327
6331
6333
6334
6336
6337
6338
6339
6342
6343
6344
6347
6348
6349
6350
6353
6354
6355
6356
6359
6362
6363
6364
6365
6369
6371
6373
6374
6379
6380
6381
6382
6383
6386
6387
6391
6392
6396
6397
6399
6403
6405
6406
6408
6411
6414
6415
6418
6419
6420
6422
6424
6425
6426
6429
6430
6434
6435
6436
6437
6440
6441
6447
6450
6452
6454
6455
6463
6469
6470
6472
6473
6478
6481
6483
6486
6487
6488
6489
6491
6497
6501
6503
6505
6507
6508
6512
6513
6516
6518
6521
6522
6525
6526
6527
6529
6533
6540
6542
6544
6546
6547
6548
6549
6550
6551
6552
6553
6554
6556
6557
6558
6561
6563
6564
6566
6567
6568
6569
6570
6572
6573
6575
6576
6577
6578
6587
6588
6590
6591
6592
6593
6596
6599
6600
6601
6602
6607
6608
6609
6611
6616
6618
6620
6625
6627
6630
6631
6632
6633
6635
6639
6641
6642
6643
6646
6649
6651
6653
6656
6661
6666
6667
6669
6672
6673
6676
6677
6679
6681
6686
6687
6692
6694
6696
6697
6699
6700
6701
6702
6707
6708
6709
6711
6712
6713
6716
6718
6725
6726
6728
6729
6731
6734
6737
6738
6741
6742
6743
6744
6745
6746
6747
6748
6749
6750
6751
6752
6757
6758
6759
6761
6762
6763
6765
6766
6768
6771
6773
6775
6779
6781
6784
6789
6790
6791
6795
6797
6799
6803
6804
6805
6807
6810
6811
6812
6813
6814
6816
6817
6818
6819
6820
6821
6823
6825
6826
6829
6830
6832
6833
6834
6835
6836
6843
6847
6849
6851
6852
6856
6857
6858
6859
6862
6863
6864
6865
6866
6868
6871
6872
6873
6876
6878
6880
6881
6885
6886
6889
6891
6892
6895
6898
6900
6901
6902
6903
6907
6909
6910
6914
6915
6916
6920
6922
6925
6926
6937
6941
6942
6943
6945
6946
6948
6951
6953
6957
6962
6964
6966
6969
6970
6971
6972
6973
6974
6975
6976
6977
6978
6979
6980
6983
6985
6991
6992
6994
6995
6999
7003
7007
7008
7010
7014
7016
7018
7019
7021
7025
7026
7030
7031
7032
7033
7035
7036
7039
7041
7042
7043
7044
7045
7047
7049
7054
7056
7057
7059
7060
7061
7062
7063
7065
7068
7071
7072
7075
7077
7078
7080
7081
7082
7087
7090
7091
7092
7093
7095
7098
7099
7101
7104
7106
7110
7111
7112
7113
7115
7116
7117
7120
7123
7125
7127
7129
7131
7133
7134
7136
7139
7141
7142
7144
7145
7147
7148
7151
7153
7154
7156
7157
7160
7161
7162
7167
7169
7170
7171
7172
7174
7176
7179
7183
7186
7187
7188
7189
7190
7191
7193
7198
7199
7210
7211
7214
7222
7224
7225
7227
7228
7230
7234
7236
7241
7242
7244
7246
7247
7249
7250
7252
7254
7255
7258
7259
7260
7261
7262
7265
7267
7268
7269
7272
7274
7276
7278
7280
7283
7285
7288
7289
7294
7295
7297
7299
7302
7304
7306
7308
7309
7310
7313
7314
7318
7320
7322
7326
7328
7333
7334
7335
7336
7338
7341
7343
7344
7345
7346
7348
7350
7351
7352
7353
7354
7359
7362
7365
7368
7370
7372
7374
7376
7381
7383
7385
7386
7387
7391
7392
7393
7402
7403
7408
7415
7418
7419
7421
7423
7424
7427
7428
7432
7434
7435
7437
7438
7439
7440
7441
7442
7444
7445
7448
7449
7450
7451
7454
7457
7458
7459
7460
7461
7462
7463
7465
7466
7469
7472
7474
7478
7479
7481
7483
7484
7489
7493
7494
7495
7497
7498
7500
7502
7503
7504
7505
7506
7511
7514
7518
7520
7523
7525
7526
7530
7532
7533
7538
7541
7542
7543
7544
7545
7547
7551
7552
7554
7556
7557
7559
7560
7561
7563
7565
7566
7571
7578
7581
7584
7586
7587
7589
7590
7593
7594
7596
7598
7601
7602
7605
7606
7609
7610
7611
7612
7613
7615
7618
7620
7621
7622
7624
7625
7629
7634
7638
7640
7641
7642
7643
7644
7647
7650
7652
7658
7659
7662
7663
7664
7667
7670
7673
7677
7678
7683
7686
7689
7691
7692
7694
7695
7697
7698
7700
7701
7703
7711
7713
7714
7715
7716
7717
7718
7722
7723
7724
7728
7729
7730
7731
7733
7734
7736
7738
7739
7744
7745
7747
7748
7749
7751
7752
7761
7762
7770
7772
7774
7776
7782
7783
7784
7786
7787
7789
7790
7793
7795
7798
7799
7800
7806
7807
7810
7811
7812
7813
7815
7822
7823
7824
7825
7826
7827
7830
7832
7833
7834
7836
7838
7839
7840
7842
7848
7849
7850
7854
7859
7860
7862
7865
7867
7869
7873
7875
7877
7878
7884
7888
7890
7892
7896
7897
7898
7899
7900
7902
7904
7905
7907
7910
7911
7912
7915
7916
7918
7920
7922
7924
7926
7927
7929
7934
7936
7937
7940
7941
7942
7943
7944
7945
7946
7948
7949
7957
7960
7966
7968
7969
7972
7978
7980
7982
7983
7984
7986
7990
7993
7994
7995
8001
8005
8007
8010
8012
8013
8015
8017
8019
8020
8023
8024
8026
8028
8029
8030
8032
8033
8034
8038
8042
8043
8046
8047
8053
8057
8058
8059
8060
8062
8068
8070
8071
8074
8075
8076
8078
8081
8084
8090
8092
8096
8097
8098
8099
8101
8102
8106
8107
8108
8110
8114
8119
8120
8125
8127
8128
8129
8130
8132
8141
8142
8144
8145
8146
8147
8149
8150
8151
8152
8154
8155
8156
8158
8159
8160
8162
8163
8166
8167
8168
8169
8173
8174
8177
8179
8180
8186
8187
8189
8190
8191
8193
8194
8198
8200
8202
8204
8205
8206
8207
8209
8210
8211
8212
8213
8214
8217
8218
8220
8222
8225
8229
8230
8231
8232
8236
8239
8240
8242
8243
8251
8252
8255
8259
8262
8263
8264
8265
8266
8268
8269
8276
8279
8280
8282
8286
8287
8288
8290
8293
8298
8299
8306
8307
8309
8311
8312
8313
8315
8316
8318
8324
8327
8328
8329
8334
8336
8338
8339
8341
8343
8346
8347
8348
8352
8355
8358
8359
8360
8362
8363
8366
8368
8369
8371
8373
8375
8379
8381
8385
8387
8388
8389
8390
8391
8393
8394
8395
8396
8397
8403
8404
8409
8410
8412
8416
8418
8419
8420
8422
8423
8425
8427
8428
8429
8431
8434
8435
8439
8442
8443
8445
8448
8449
8451
8453
8454
8457
8462
8464
8466
8469
8471
8472
8474
8475
8476
8478
8479
8483
8484
8488
8489
8490
8492
8495
8497
8499
8503
8507
8509
8514
8516
8519
8523
8524
8525
8526
8529
8532
8534
8535
8543
8545
8548
8552
8553
8554
8555
8556
8557
8559
8561
8563
8565
8566
8570
8573
8574
8577
8581
8583
8585
8588
8589
8591
8594
8597
8598
8600
8601
8602
8606
8610
8611
8612
8613
8614
8615
8616
8618
8623
8625
8626
8631
8635
8637
8644
8646
8647
8651
8652
8658
8660
8661
8662
8665
8670
8677
8678
8680
8681
8685
8686
8687
8689
8692
8694
8696
8698
8699
8702
8703
8704
8705
8708
8710
8712
8713
8714
8719
8722
8723
8725
8727
8728
8729
8732
8733
8734
8735
8737
8742
8744
8751
8752
8753
8754
8755
8756
8757
8761
8764
8765
8767
8768
8770
8771
8772
8775
8779
8783
8785
8786
8790
8791
8794
8796
8798
8804
8806
8807
8808
8820
8821
8825
8826
8829
8833
8834
8836
8837
8839
8842
8844
8845
8846
8847
8848
8849
8850
8851
8852
8855
8856
8857
8858
8862
8863
8864
8865
8866
8868
8869
8871
8872
8873
8874
8876
8879
8882
8883
8884
8886
8887
8888
8890
8891
8892
8896
8899
8900
8901
8903
8904
8905
8906
8908
8914
8915
8916
8917
8919
8921
8923
8924
8926
8928
8930
8931
8932
8933
8934
8937
8938
8940
8941
8944
8948
8952
8953
8955
8957
8958
8960
8968
8969
8972
8973
8974
8976
8977
8978
8979
8980
8981
8984
8985
8990
8991
8992
8996
8997
9001
9006
9009
9011
9012
9017
9019
9020
9023
9026
9028
9032
9033
9034
9038
9039
9042
9043
9046
9047
9051
9052
9053
9055
9059
9060
9061
9064
9066
9067
9071
9072
9073
9075
9077
9079
9082
9084
9085
9087
9089
9093
9094
9095
9100
9101
9104
9109
9110
9111
9116
9117
9118
9121
9123
9125
9128
9129
9131
9138
9141
9143
9146
9147
9149
9150
9153
9154
9155
9158
9159
9163
9166
9167
9170
9175
9176
9180
9184
9188
9189
9190
9191
9192
9195
9196
9197
9200
9201
9202
9205
9207
9209
9212
9215
9216
9218
9219
9222
9226
9231
9233
9237
9238
9239
9240
9241
9247
9251
9252
9253
9257
9261
9262
9264
9266
9268
9272
9277
9279
9280
9283
9284
9290
9297
9301
9304
9306
9307
9310
9313
9319
9321
9325
9326
9328
9331
9333
9336
9337
9341
9345
9351
9353
9357
9358
9363
9366
9367
9369
9370
9371
9372
9373
9375
9376
9378
9380
9381
9386
9390
9391
9392
9393
9398
9400
9402
9403
9404
9405
9410
9411
9412
9416
9417
9418
9419
9423
9424
9425
9427
9428
9431
9432
9433
9434
9437
9441
9444
9446
9448
9449
9455
9461
9463
9466
9468
9469
9471
9474
9475
9476
9485
9494
9495
9496
9497
9500
9501
9502
9504
9511
9518
9520
9522
9527
9536
9537
9538
9542
9543
9546
9548
9549
9554
9555
9559
9560
9563
9564
9568
9570
9571
9573
9574
9575
9581
9582
9584
9585
9586
9592
9596
9599
9602
9607
9609
9610
9611
9612
9616
9621
9626
9628
9632
9634
9635
9636
9637
9638
9639
9640
9641
9646
9653
9655
9657
9658
9659
9662
9663
9665
9668
9669
9670
9671
9672
9675
9679
9680
9685
9687
9692
9697
9699
9703
9705
9711
9712
9713
9714
9721
9722
9731
9733
9734
9737
9738
9743
9747
9748
9749
9750
9754
9757
9758
9764
9766
9768
9770
9772
9774
9775
9778
9779
9781
9785
9787
9789
9791
9799
9801
9808
9809
9813
9815
9816
9817
9823
9824
9826
9828
9830
9831
9834
9840
9842
9845
9853
9856
9858
9859
9861
9862
9868
9870
9875
9878
9879
9880
9883
9884
9885
9888
9890
9892
9896
9907
9911
9915
9919
9920
9923
9924
9926
9927
9930
9933
9941
9947
9948
9949
9951
9954
9956
9958
9959
9962
9964
9966
9969
9970
9971
9973
9974
9975
9976
9978
9979
9981
9987
9988
9989
9990
9992
9995
9997
10000
10002
10004
10008
10009
10014
10016
10017
10018
10020
10021
10022
10028
10029
10030
10031
10033
10034
10036
10039
10042
10044
10046
10052
10053
10054
10060
10065
10067
10071
10079
10082
10083
10087
10092
10093
10095
10098
10103
10108
10113
10116
10118
10121
10123
10125
10128
10130
10132
10133
10134
10137
10140
10142
10144
10146
10152
10155
10156
10159
10160
10162
10166
10168
10172
10175
10181
10182
10184
10187
10189
10190
10194
10195
10202
10204
10205
10206
10207
10208
10209
10213
10220
10222
10223
10229
10230
10231
10232
10235
10236
10238
10242
10250
10253
10254
10255
10257
10263
10264
10272
10275
10277
10278
10281
10282
10283
10284
10286
10287
10288
10289
10292
10296
10297
10298
10299
10300
10301
10304
10306
10308
10313
10320
10325
10327
10330
10331
10333
10335
10336
10337
10339
10341
10342
10344
10345
10351
10355
10356
10358
10361
10362
10365
10368
10372
10377
10378
10379
10380
10382
10383
10384
10386
10390
10392
10400
10403
10412
10413
10416
10419
10424
10425
10426
10429
10431
10433
10434
10437
10442
10447
10451
10453
10457
10458
10459
10460
10464
10466
10467
10472
10474
10477
10478
10480
10481
10483
10484
10485
10486
10487
10490
10491
10492
10497
10501
10502
10503
10505
10506
10507
10515
10521
10522
10530
10532
10533
10534
10535
10536
10539
10540
10542
10545
10548
10551
10552
10557
10558
10560
10562
10565
10570
10573
10575
10576
10578
10579
10582
10583
10584
10589
10592
10593
10596
10597
10598
10602
10604
10605
10612
10614
10615
10616
10617
10625
10627
10630
10631
10632
10633
10634
10635
10636
10639
10641
10642
10643
10646
10649
10660
10661
10662
10665
10672
10673
10675
10677
10691
10694
10695
10696
10699
10705
10708
10710
10711
10713
10723
10724
10726
10727
10728
10729
10730
10732
10734
10736
10737
10738
10739
10741
10743
10744
10746
10749
10751
10752
10757
10761
10766
10776
10779
10782
10786
10790
10793
10795
10796
10800
10804
10806
10811
10813
10814
10817
10818
10820
10825
10828
10830
10832
10834
10835
10836
10837
10839
10841
10842
10843
10845
10846
10851
10853
10856
10860
10866
10867
10868
10869
10873
10875
10878
10881
10883
10885
10890
10893
10895
10896
10897
10899
10901
10902
10906
10911
10916
10917
10921
10923
10925
10926
10927
10928
10930
10931
10932
10934
10936
10938
10944
10950
10952
10953
10954
10955
10957
10958
10959
10964
10966
10968
10969
10970
10973
10976
10977
10978
10984
10990
10993
10997
10999
11000
11002
11007
11009
11012
11013
11025
11026
11028
11031
11033
11036
11039
11040
11045
11046
11048
11049
11053
11063
11064
11069
11072
11073
11074
11075
11078
11079
11081
11086
11088
11090
11093
11095
11096
11107
11110
11112
11114
11116
11118
11119
11121
11124
11125
11127
11128
11129
11131
11134
11135
11137
11140
11142
11143
11147
11149
11150
11155
11156
11158
11159
11163
11164
11167
11168
11171
11172
11173
11176
11177
11179
11180
11181
11185
11187
11189
11192
11194
11196
11198
11199
11201
11202
11205
11208
11210
11212
11218
11219
11220
11222
11223
11225
11227
11229
11231
11238
11240
11241
11242
11244
11246
11248
11249
11250
11252
11253
11255
11256
11258
11261
11263
11268
11280
11287
11290
11291
11293
11294
11296
11298
11304
11307
11311
11312
11313
11316
11319
11321
11322
11324
11325
11326
11330
11331
11336
11340
11346
11347
11350
11351
11352
11353
11354
11356
11357
11360
11361
11362
11363
11371
11377
11379
11386
11388
11390
11391
11393
11394
11395
11396
11399
11401
11402
11411
11415
11421
11424
11425
11426
11428
11429
11431
11432
11433
11434
11436
11438
11439
11440
11442
11447
11450
11451
11453
11454
11455
11457
11461
11465
11466
11469
11476
11481
11483
11484
11486
11488
11490
11496
11497
11498
11501
11504
11508
11510
11516
11518
11519
11521
11524
11525
11528
11532
11533
11540
11541
11543
11545
11550
11553
11559
11565
11567
11569
11571
11574
11585
11587
11591
11593
11594
11595
11597
11602
11603
11605
11607
11614
11615
11616
11618
11628
11631
11632
11635
11637
11639
11650
11652
11655
11656
11665
11666
11668
11669
11670
11671
11673
11680
11684
11687
11688
11690
11691
11693
11698
11699
11700
11710
11712
11715
11721
11728
11729
11733
11734
11735
11741
11743
11746
11747
11760
11762
11763
11766
11767
11771
11774
11776
11778
11782
11784
11787
11789
11790
11791
11794
11795
11800
11805
11807
11810
11811
11814
11815
11820
11822
11823
11825
11827
11835
11836
11839
11842
11847
11851
11853
11855
11856
11857
11861
11862
11863
11868
11870
11871
11872
11873
11878
11879
11881
11882
11883
11886
11889
11894
11895
11897
11898
11899
11900
11901
11905
11906
11908
11909
11910
11912
11917
11925
11926
11930
11931
11932
11939
11940
11946
11956
11959
11960
11961
11962
11963
11965
11969
11974
11976
11977
11979
11982
11983
11985
11986
11987
11988
11990
12000
12008
12013
12020
12023
12024
12025
12026
12029
12037
12041
12042
12046
12050
12051
12055
12060
12062
12068
12076
12077
12078
12080
12082
12083
12088
12089
12091
12092
12097
12098
12101
12102
12103
12104
12105
12115
12125
12131
12132
12133
12134
12138
12140
12149
12150
12152
12153
12156
12160
12162
12164
12165
12167
12168
12169
12171
12179
12182
12187
12189
12192
12193
12195
12197
12204
12207
12208
12211
12212
12215
12217
12218
12219
12221
12224
12233
12234
12237
12239
12240
12242
12244
12250
12253
12254
12258
12261
12263
12268
12269
12272
12278
12282
12283
12287
12291
12294
12296
12300
12303
12304
12305
12309
12310
12311
12316
12317
12321
12322
12323
12327
12333
12334
12337
12339
12340
12347
12348
12351
12352
12358
12361
12366
12376
12377
12379
12380
12388
12389
12390
12391
12394
12401
12402
12404
12405
12408
12410
12412
12413
12415
12417
12423
12425
12427
12430
12436
12437
12439
12443
12448
12452
12453
12456
12459
12460
12463
12464
12473
12482
12484
12486
12490
12492
12494
12495
12497
12500
12501
12502
12503
12505
12513
12515
12516
12521
12523
12524
12525
12527
12529
12539
12540
12544
12548
12554
12556
12558
12559
12563
12564
12567
12571
12572
12573
12576
12577
12579
12581
12584
12588
12594
12597
12606
12609
12611
12613
12619
12621
12623
12624
12628
12633
12636
12639
12640
12641
12642
12645
12648
12650
12654
12655
12659
12662
12663
12665
12669
12672
12675
12678
12679
12680
12681
12682
12683
12688
12692
12693
12695
12697
12705
12706
12707
12709
12710
12717
12718
12719
12720
12722
12726
12727
12736
12740
12741
12743
12745
12748
12749
12752
12755
12757
12760
12771
12780
12782
12784
12785
12789
12793
12794
12795
12796
12800
12802
12804
12805
12806
12809
12813
12816
12819
12821
12822
12824
12825
12826
12829
12830
12832
12836
12837
12843
12846
12847
12849
12850
12851
12854
12855
12858
12863
12865
12867
12868
12873
12876
12877
12880
12882
12883
12884
12887
12888
12891
12892
12895
12896
12899
12901
12904
12906
12908
12910
12911
12912
12914
12927
12929
12931
12932
12934
12935
12938
12942
12943
12948
12949
12954
12955
12961
12964
12965
12967
12969
12975
12977
12985
12986
12993
12994
12995
12996
12997
12998
13001
13004
13005
13007
13011
13013
13014
13015
13016
13017
13019
13023
13026
13030
13031
13037
13038
13042
13043
13046
13048
13050
13055
13057
13061
13064
13066
13067
13073
13076
13077
13080
13081
13082
13085
13086
13087
13092
13094
13095
13099
13101
13102
13104
13107
13111
13123
13126
13129
13131
13139
13145
13149
13153
13157
13159
13160
13161
13162
13171
13173
13178
13180
13181
13183
13184
13185
13188
13199
13200
13201
13205
13207
13209
13211
13213
13215
13216
13218
13224
13232
13235
13236
13238
13240
13246
13248
13251
13254
13258
13259
13260
13262
13263
13264
13266
13273
13278
13279
13280
13282
13283
13286
13290
13293
13301
13303
13304
13310
13316
13317
13319
13323
13325
13329
13332
13340
13343
13345
13347
13351
13362
13366
13369
13370
13372
13375
13379
13382
13387
13390
13393
13394
13398
13402
13403
13404
13405
13415
13416
13418
13422
13423
13425
13427
13428
13429
13432
13441
13444
13448
13452
13453
13454
13455
13457
13458
13459
13460
13462
13468
13470
13473
13475
13481
13486
13487
13494
13496
13497
13498
13501
13504
13505
13511
13513
13514
13515
13518
13522
13533
13537
13538
13540
13542
13545
13550
13552
13553
13555
13556
13559
13560
13569
13573
13574
13582
13585
13587
13595
13596
13600
13602
13605
13606
13609
13611
13612
13613
13614
13624
13634
13638
13640
13643
13646
13648
13653
13657
13660
13661
13662
13663
13664
13665
13667
13668
13669
13673
13675
13677
13679
13681
13683
13684
13687
13695
13699
13702
13704
13706
13707
13709
13715
13716
13724
13725
13731
13733
13734
13736
13738
13741
13744
13745
13746
13747
13749
13753
13755
13759
13760
13761
13764
13765
13766
13769
13771
13772
13779
13780
13784
13786
13787
13789
13792
13794
13797
13804
13808
13809
13812
13822
13823
13832
13834
13838
13848
13849
13852
13854
13862
13863
13864
13866
13867
13868
13870
13873
13874
13875
13878
13881
13884
13902
13908
13909
13914
13917
13918
13922
13923
13927
13928
13929
13932
13933
13935
13936
13939
13942
13943
13946
13947
13948
13951
13955
13957
13962
13963
13969
13974
13976
13977
13979
13983
13987
13990
13992
13996
13998
14003
14004
14007
14008
14009
14014
14025
14029
14030
14037
14039
14040
14044
14046
14048
14055
14059
14060
14061
14067
14068
14071
14077
14080
14086
14087
14089
14090
14092
14095
14103
14107
14108
14116
14121
14122
14124
14128
14129
14131
14132
14134
14135
14136
14142
14143
14144
14145
14147
14148
14149
14151
14152
14156
14159
14162
14164
14166
14170
14172
14175
14177
14181
14189
14190
14192
14193
14194
14197
14202
14205
14206
14208
14210
14212
14213
14214
14215
14217
14222
14235
14237
14240
14243
14246
14249
14251
14252
14255
14258
14261
14263
14264
14265
14267
14269
14271
14272
14274
14276
14280
14281
14282
14289
14290
14293
14294
14296
14301
14304
14306
14311
14312
14322
14330
14331
14333
14335
14336
14344
14346
14347
14352
14354
14367
14371
14372
14374
14376
14377
14378
14380
14384
14385
14387
14388
14390
14392
14395
14398
14400
14406
14408
14411
14414
14416
14419
14428
14429
14431
14436
14441
14445
14449
14452
14456
14457
14458
14459
14462
14465
14469
14472
14477
14481
14482
14485
14499
14505
14508
14512
14519
14520
14523
14524
14526
14527
14528
14531
14532
14540
14541
14542
14545
14548
14552
14553
14554
14556
14560
14561
14562
14565
14567
14572
14580
14585
14586
14587
14588
14589
14590
14596
14598
14600
14601
14603
14606
14607
14611
14619
14623
14624
14625
14630
14637
14641
14642
14645
14647
14648
14654
14658
14660
14661
14663
14670
14673
14680
14681
14682
14683
14684
14689
14692
14695
14702
14703
14706
14707
14708
14717
14720
14722
14726
14728
14730
14733
14737
14744
14746
14747
14751
14760
14765
14766
14773
14777
14781
14782
14783
14784
14789
14791
14796
14802
14803
14807
14809
14810
14813
14822
14824
14827
14830
14832
14833
14834
14835
14836
14838
14848
14849
14855
14856
14861
14862
14863
14865
14868
14870
14871
14872
14877
14884
14885
14886
14887
14890
14892
14893
14894
14905
14907
14908
14910
14912
14914
14916
14917
14918
14923
14926
14928
14931
14932
14933
14934
14936
14938
14940
14943
14944
14951
14953
14955
14958
14960
14963
14970
14973
14978
14979
14980
14988
14989
14991
14992
14993
14995
14996
14997
14999
15002
15003
15005
15006
15007
15009
15010
15011
15013
15015
15016
15020
15025
15028
15029
15031
15036
15039
15043
15044
15048
15050
15051
15057
15058
15060
15063
15064
15072
15078
15082
15087
15092
15094
15098
15099
15103
15107
15115
15124
15129
15131
15132
15135
15141
15145
15156
15162
15164
15167
15170
15171
15175
15177
15184
15192
15193
15196
15205
15208
15211
15214
15215
15217
15218
15221
15222
15224
15227
15232
15234
15238
15239
15243
15248
15250
15257
15260
15264
15269
15272
15273
15274
15275
15277
15278
15288
15291
15294
15298
15300
15308
15312
15313
15318
15319
15321
15322
15324
15327
15328
15335
15339
15340
15344
15346
15352
15359
15361
15365
15372
15377
15380
15381
15382
15394
15395
15399
15400
15401
15402
15403
15406
15407
15408
15411
15414
15417
15430
15433
15435
15440
15444
15448
15449
15451
15452
15455
15460
15462
15464
15471
15473
15480
15483
15484
15488
15491
15494
15497
15500
15501
15507
15511
15513
15514
15515
15537
15540
15542
15544
15545
15546
15548
15555
15559
15561
15566
15569
15572
15574
15578
15579
15582
15587
15588
15594
15600
15603
15605
15609
15612
15615
15616
15618
15622
15623
15625
15627
15634
15638
15644
15648
15650
15655
15661
15666
15667
15673
15674
15676
15679
15686
15688
15689
15693
15696
15697
15698
15700
15704
15705
15706
15708
15710
15718
15719
15720
15721
15724
15727
15728
15734
15735
15738
15739
15743
15746
15749
15752
15754
15756
15759
15766
15767
15771
15773
15781
15784
15793
15795
15796
15797
15802
15803
15804
15805
15808
15812
15813
15814
15815
15816
15818
15825
15827
15836
15838
15840
15843
15846
15848
15854
15860
15861
15862
15865
15867
15868
15872
15884
15886
15888
15889
15891
15893
15895
15896
15899
15906
15910
15919
15922
15923
15927
15932
15936
15947
15949
15953
15956
15958
15964
15968
15969
15977
15985
15988
15991
15992
15999
16000
16004
16010
16015
16018
16021
16022
16025
16036
16037
16040
16045
16050
16058
16059
16060
16065
16067
16070
16075
16076
16077
16079
16092
16097
16099
16100
16101
16104
16106
16107
16108
16112
16115
16117
16122
16126
16134
16137
16138
16145
16154
16155
16156
16158
16162
16163
16168
16169
16175
16184
16198
16201
16202
16211
16213
16218
16221
16228
16229
16233
16236
16237
16240
16241
16243
16249
16252
16253
16271
16275
16279
16282
16293
16294
16295
16296
16298
16302
16305
16308
16309
16312
16318
16327
16336
16338
16343
16345
16347
16350
16351
16359
16360
16361
16364
16366
16376
16379
16384
16386
16390
16398
16400
16401
16412
16415
16417
16418
16421
16429
16432
16436
16438
16439
16442
16451
16453
16456
16463
16465
16468
16471
16477
16478
16480
16484
16492
16493
16494
16496
16499
16500
16501
16506
16508
16515
16520
16522
16523
16524
16525
16526
16531
16535
16540
16545
16546
16549
16551
16558
16561
16563
16566
16568
16570
16575
16577
16583
16602
16606
16609
16615
16617
16619
16620
16629
16630
16631
16632
16640
16643
16644
16648
16653
16655
16662
16664
16666
16672
16673
16674
16675
16676
16681
16682
16687
16690
16691
16693
16699
16705
16706
16707
16713
16722
16724
16733
16734
16739
16741
16743
16744
16747
16753
16756
16757
16759
16761
16764
16767
16768
16772
16775
16778
16779
16782
16783
16786
16793
16799
16809
16810
16813
16815
16823
16829
16837
16838
16839
16842
16846
16855
16856
16858
16864
16865
16866
16867
16873
16874
16876
16889
16890
16899
16901
16904
16905
16908
16909
16915
16916
16923
16924
16928
16935
16936
16939
16941
16943
16944
16947
16952
16954
16958
16965
16968
16971
16976
16977
16981
16982
16984
16985
16988
16991
16995
16996
17005
17008
17009
17011
17015
17023
17027
17030
17033
17034
17038
17044
17051
17062
17066
17067
17068
17070
17076
17077
17078
17083
17085
17092
17096
17102
17108
17110
17111
17112
17118
17120
17128
17130
17142
17156
17157
17158
17161
17164
17167
17171
17172
17182
17183
17185
17187
17190
17191
17199
17209
17210
17220
17225
17233
17239
17247
17249
17254
17257
17261
17263
17283
17288
17289
17290
17294
17311
17312
17313
17314
17316
17319
17332
17334
17340
17345
17347
17359
17369
17375
17384
17389
17390
17391
17393
17394
17397
17399
17401
17403
17404
17410
17413
17420
17424
17425
17426
17430
17437
17439
17441
17445
17448
17451
17453
17454
17456
17457
17458
17459
17461
17462
17463
17466
17467
17469
17472
17476
17482
17487
17490
17494
17495
17498
17502
17509
17515
17516
17519
17523
17524
17529
17533
17534
17535
17538
17541
17543
17548
17549
17554
17560
17561
17562
17563
17565
17566
17571
17572
17576
17582
17583
17585
17587
17589
17590
17591
17592
17593
17597
17600
17602
17606
17607
17610
17612
17613
17619
17620
17628
17636
17638
17640
17642
17645
17648
17655
17656
17657
17659
17661
17664
17673
17674
17675
17679
17683
17697
17698
17703
17708
17709
17710
17715
17720
17723
17740
17742
17748
17750
17751
17752
17755
17758
17759
17760
17761
17763
17765
17774
17775
17778
17784
17788
17789
17795
17797
17804
17806
17809
17811
17815
17820
17829
17830
17831
17833
17834
17839
17840
17843
17845
17848
17852
17854
17856
17857
17861
17864
17872
17873
17878
17882
17883
17884
17885
17887
17891
17899
17900
17901
17908
17913
17915
17916
17917
17918
17919
17933
17938
17948
17952
17953
17955
17957
17959
17961
17963
17967
17969
17971
17977
17981
17987
17997
17999
18000
18005
18008
18009
18011
18014
18016
18018
18020
18021
18022
18023
18025
18029
18030
18034
18036
18037
18043
18047
18049
18050
18053
18054
18055
18056
18065
18066
18069
18070
18071
18078
18082
18084
18085
18086
18089
18091
18092
18100
18101
18104
18112
18115
18118
18133
18136
18140
18141
18148
18155
18156
18160
18162
18169
18173
18176
18180
18195
18198
18200
18205
18206
18207
18209
18211
18212
18216
18218
18227
18232
18234
18235
18239
18252
18253
18258
18261
18264
18274
18280
18284
18285
18290
18295
18299
18301
18307
18308
18311
18313
18315
18326
18331
18336
18346
18349
18351
18353
18356
18357
18362
18364
18369
18376
18377
18381
18383
18401
18402
18405
18407
18413
18415
18417
18420
18422
18424
18425
18426
18445
18458
18459
18465
18466
18468
18476
18479
18483
18488
18490
18503
18509
18510
18514
18516
18519
18524
18526
18533
18539
18541
18543
18545
18549
18552
18553
18554
18555
18559
18562
18564
18568
18569
18576
18583
18588
18589
18597
18601
18605
18606
18608
18611
18612
18615
18618
18622
18627
18630
18631
18641
18644
18650
18655
18656
18661
18667
18675
18682
18685
18686
18687
18704
18707
18709
18710
18715
18716
18722
18725
18730
18738
18739
18745
18751
18756
18761
18763
18770
18772
18773
18777
18778
18779
18783
18787
18788
18790
18794
18797
18805
18810
18811
18816
18818
18820
18824
18826
18827
18828
18830
18834
18837
18838
18839
18842
18843
18844
18854
18857
18864
18865
18873
18879
18880
18890
18892
18894
18895
18899
18904
18905
18910
18912
18913
18919
18922
18923
18926
18927
18932
18933
18934
18941
18944
18948
18950
18959
18961
18971
18975
18980
18981
18985
18987
18988
18989
18997
18998
19000
19011
19014
19018
19019
19020
19025
19027
19032
19038
19039
19041
19042
19047
19048
19050
19056
19072
19077
19086
19089
19095
19100
19102
19103
19104
19107
19108
19110
19111
19114
19116
19119
19123
19126
19128
19129
19130
19133
19136
19139
19145
19150
19152
19155
19159
19172
19174
19185
19186
19189
19192
19194
19197
19200
19201
19208
19211
19212
19213
19214
19221
19222
19226
19229
19231
19237
19239
19246
19248
19251
19255
19256
19259
19260
19264
19266
19268
19272
19278
19285
19287
19290
19292
19293
19294
19298
19303
19304
19307
19309
19310
19314
19315
19317
19318
19321
19329
19331
19335
19337
19346
19367
19370
19373
19375
19379
19382
19387
19389
19396
19405
19407
19413
19417
19425
19427
19430
19434
19435
19441
19448
19457
19458
19463
19464
19468
19470
19473
19474
19480
19481
19482
19483
19489
19490
19492
19504
19505
19511
19513
19515
19517
19536
19537
19543
19551
19556
19561
19566
19567
19573
19577
19580
19581
19584
19585
19586
19589
19591
19592
19598
19600
19603
19616
19621
19633
19641
19645
19649
19652
19653
19654
19655
19659
19660
19662
19666
19674
19677
19678
19682
19688
19690
19708
19710
19720
19722
19729
19730
19739
19747
19752
19755
19766
19767
19768
19776
19783
19784
19794
19797
19810
19813
19814
19816
19820
19827
19834
19844
19846
19849
19852
19860
19867
19873
19878
19883
19888
19899
19900
19902
19904
19912
19916
19927
19936
19942
19943
19954
19962
19969
19974
19981
20000
20001
20002
20003
20004
20009
20012
20025
20034
20045
20049
20050
20056
20063
20068
20069
20073
20077
20078
20079
20086
20087
20093
20095
20098
20104
20105
20110
20112
20113
20115
20116
20117
20122
20123
20125
20134
20139
20158
20163
20167
20169
20170
20178
20182
20183
20189
20195
20209
20225
20235
20239
20245
20250
20254
20256
20260
20266
20269
20271
20275
20282
20296
20302
20303
20307
20308
20312
20316
20318
20321
20323
20326
20327
20328
20335
20337
20341
20346
20348
20352
20357
20358
20359
20361
20362
20363
20364
20366
20367
20368
20376
20379
20382
20384
20385
20389
20392
20394
20397
20405
20409
20412
20413
20417
20427
20428
20431
20434
20436
20441
20444
20454
20457
20458
20459
20465
20467
20470
20472
20473
20475
20477
20480
20482
20483
20484
20489
20495
20496
20499
20500
20503
20504
20509
20512
20518
20519
20533
20536
20537
20539
20547
20552
20554
20562
20564
20567
20568
20572
20576
20577
20580
20581
20584
20590
20593
20596
20607
20610
20611
20615
20618
20624
20629
20630
20633
20634
20635
20641
20643
20646
20648
20653
20654
20657
20659
20668
20671
20677
20678
20680
20682
20684
20688
20689
20692
20701
20702
20703
20707
20711
20713
20714
20722
20723
20728
20729
20730
20733
20734
20735
20738
20740
20742
20747
20750
20759
20762
20767
20771
20776
20791
20792
20796
20800
20804
20807
20808
20810
20815
20818
20822
20826
20827
20831
20834
20838
20843
20851
20852
20858
20863
20864
20868
20871
20874
20877
20878
20881
20884
20889
20895
20906
20908
20918
20923
20929
20934
20940
20943
20946
20952
20954
20960
20961
20967
20969
20970
20971
20973
20974
20978
20981
20984
20992
20999
21000
21002
21003
21005
21010
21011
21018
21019
21022
21025
21030
21031
21035
21038
21050
21052
21054
21061
21066
21068
21076
21080
21083
21094
21095
21096
21100
21103
21106
21107
21112
21113
21118
21119
21121
21123
21124
21126
21129
21134
21135
21138
21139
21142
21143
21147
21149
21156
21161
21170
21181
21186
21192
21197
21207
21213
21219
21220
21221
21227
21241
21244
21250
21252
21254
21255
21256
21257
21258
21260
21261
21262
21285
21292
21301
21306
21307
21308
21316
21322
21323
21325
21328
21330
21333
21341
21343
21344
21345
21349
21356
21360
21362
21365
21370
21388
21397
21399
21401
21402
21405
21408
21419
21420
21426
21427
21433
21435
21449
21452
21453
21454
21455
21461
21463
21477
21481
21482
21483
21487
21490
21491
21498
21500
21503
21513
21520
21523
21527
21531
21532
21535
21537
21539
21541
21543
21547
21548
21555
21556
21559
21563
21564
21567
21568
21575
21578
21579
21582
21589
21592
21594
21598
21600
21603
21605
21610
21615
21620
21621
21626
21627
21628
21637
21640
21642
21650
21660
21672
21684
21685
21689
21692
21693
21694
21699
21701
21703
21705
21708
21711
21716
21729
21736
21746
21753
21755
21761
21765
21766
21767
21773
21780
21790
21792
21793
21803
21808
21814
21826
21835
21838
21849
21850
21851
21853
21861
21864
21873
21890
21891
21898
21901
21902
21910
21916
21924
21928
21929
21947
21951
21954
21962
21966
21971
21974
21979
21986
21988
21994
21998
21999
22005
22006
22007
22019
22021
22024
22027
22028
22031
22032
22033
22038
22044
22045
22052
22054
22055
22060
22063
22064
22066
22070
22076
22081
22090
22091
22098
22101
22103
22104
22107
22113
22114
22116
22121
22128
22131
22134
22137
22142
22149
22150
22151
22154
22159
22166
22169
22175
22179
22184
22188
22190
22194
22207
22219
22222
22230
22232
22236
22241
22242
22246
22258
22259
22266
22267
22270
22271
22273
22281
22283
22284
22290
22291
22294
22295
22304
22305
22306
22319
22324
22327
22330
22335
22338
22342
22355
22358
22360
22365
22371
22373
22379
22384
22386
22389
22395
22405
22411
22417
22419
22424
22433
22435
22437
22440
22441
22444
22445
22449
22450
22456
22464
22465
22468
22469
22481
22484
22501
22514
22516
22517
22518
22521
22525
22527
22528
22530
22534
22538
22542
22557
22558
22562
22564
22569
22570
22576
22578
22579
22584
22585
22594
22597
22602
22610
22624
22626
22627
22634
22643
22651
22656
22659
22666
22676
22678
22684
22690
22699
22701
22703
22709
22718
22722
22728
22729
22738
22741
22743
22746
22749
22754
22756
22759
22761
22770
22773
22777
22778
22779
22791
22801
22802
22805
22815
22819
22825
22826
22830
22839
22841
22843
22845
22846
22849
22857
22860
22863
22876
22879
22885
22887
22889
22898
22902
22903
22904
22910
22916
22927
22931
22933
22948
22957
22958
22966
22967
22973
22974
22980
22982
22983
22986
22993
22994
23001
23007
23010
23012
23014
23015
23016
23021
23022
23024
23028
23032
23034
23036
23038
23047
23049
23057
23065
23072
23074
23085
23086
23095
23098
23104
23107
23111
23114
23117
23122
23129
23143
23146
23156
23157
23164
23173
23177
23184
23185
23191
23194
23197
23198
23210
23213
23214
23218
23233
23239
23241
23243
23250
23251
23255
23256
23258
23264
23269
23271
23277
23280
23283
23285
23287
23288
23294
23304
23310
23311
23314
23315
23323
23324
23326
23329
23331
23336
23342
23343
23344
23353
23358
23360
23362
23367
23371
23377
23378
23389
23394
23396
23398
23402
23410
23419
23424
23428
23435
23437
23438
23439
23443
23446
23466
23470
23472
23474
23475
23485
23493
23495
23506
23507
23508
23509
23513
23516
23524
23526
23533
23535
23540
23551
23554
23556
23571
23573
23587
23597
23600
23603
23605
23614
23618
23620
23633
23636
23638
23644
23648
23656
23657
23658
23681
23683
23693
23697
23700
23705
23716
23735
23740
23748
23753
23762
23768
23772
23776
23777
23791
23796
23799
23804
23805
23806
23810
23812
23819
23826
23833
23835
23837
23838
23841
23846
23853
23856
23866
23868
23873
23879
23887
23890
23891
23893
23895
23899
23909
23912
23913
23917
23925
23926
23934
23935
23936
23946
23950
23952
23954
23956
23958
23959
23964
23967
23975
23976
23977
23985
23986
23996
24001
24005
24010
24014
24024
24028
24030
24047
24053
24054
24056
24062
24077
24091
24092
24094
24096
24097
24101
24102
24109
24115
24117
24121
24123
24127
24138
24141
24142
24147
24151
24156
24163
24166
24170
24173
24183
24184
24186
24188
24191
24193
24197
24199
24201
24204
24207
24217
24221
24223
24228
24237
24242
24254
24270
24276
24277
24282
24285
24290
24293
24297
24298
24301
24304
24315
24322
24323
24325
24332
24334
24341
24342
24343
24344
24348
24356
24358
24366
24370
24382
24385
24390
24393
24403
24412
24425
24427
24435
24438
24439
24442
24443
24453
24459
24460
24461
24469
24470
24481
24485
24502
24504
24507
24508
24519
24526
24528
24530
24531
24533
24546
24547
24551
24566
24571
24572
24579
24580
24590
24596
24600
24603
24606
24609
24617
24624
24625
24629
24634
24638
24647
24649
24660
24662
24667
24676
24678
24679
24685
24690
24693
24698
24701
24712
24715
24720
24721
24722
24724
24725
24733
24751
24755
24762
24773
24776
24782
24785
24786
24791
24794
24802
24806
24813
24816
24826
24828
24830
24831
24838
24842
24845
24850
24854
24863
24865
24868
24869
24871
24875
24878
24882
24891
24894
24900
24911
24917
24919
24921
24936
24938
24939
24944
24951
24959
24960
24963
24968
24974
24976
24979
24983
24985
24987
24992
24993
25000
25004
25023
25030
25038
25039
25044
25045
25050
25051
25053
25066
25067
25068
25075
25082
25086
25091
25095
25098
25101
25103
25105
25108
25117
25118
25122
25124
25128
25130
25133
25137
25140
25146
25147
25148
25152
25155
25162
25165
25170
25171
25175
25178
25181
25199
25201
25204
25208
25211
25215
25217
25218
25222
25223
25224
25227
25241
25244
25247
25250
25252
25253
25256
25257
25277
25283
25284
25286
25291
25293
25294
25296
25299
25300
25301
25312
25314
25316
25320
25322
25325
25327
25331
25333
25338
25339
25343
25344
25353
25364
25367
25370
25393
25395
25402
25407
25416
25419
25423
25426
25427
25429
25432
25442
25449
25455
25456
25459
25460
25463
25464
25467
25471
25472
25473
25478
25479
25499
25503
25504
25506
25516
25522
25524
25530
25532
25535
25546
25547
25549
25550
25557
25559
25561
25566
25580
25586
25587
25591
25598
25602
25605
25612
25621
25622
25628
25629
25640
25643
25654
25658
25662
25663
25665
25667
25673
25676
25680
25681
25682
25689
25690
25691
25692
25693
25700
25705
25708
25709
25710
25719
25720
25721
25722
25730
25731
25738
25749
25759
25764
25771
25773
25780
25781
25790
25798
25804
25806
25822
25823
25825
25827
25828
25832
25835
25848
25856
25857
25858
25864
25868
25869
25880
25883
25892
25899
25901
25902
25903
25905
25914
25917
25918
25930
25932
25936
25950
25958
25961
25969
25971
25989
26003
26008
26012
26019
26023
26025
26037
26044
26053
26060
26062
26063
26065
26067
26068
26079
26080
26094
26098
26103
26104
26124
26126
26137
26141
26153
26156
26157
26158
26159
26162
26164
26167
26189
26192
26194
26202
26205
26207
26211
26215
26222
26227
26237
26241
26242
26247
26253
26258
26259
26262
26264
26288
26289
26299
26308
26312
26314
26320
26322
26323
26324
26334
26338
26343
26344
26348
26355
26360
26370
26372
26384
26386
26388
26398
26401
26407
26412
26418
26439
26442
26443
26463
26464
26472
26473
26477
26482
26487
26493
26502
26516
26521
26526
26527
26532
26539
26540
26543
26548
26554
26555
26556
26565
26569
26574
26588
26591
26597
26603
26606
26608
26612
26613
26619
26622
26637
26651
26653
26657
26661
26667
26669
26677
26678
26679
26681
26703
26709
26729
26731
26738
26748
26750
26752
26756
26760
26762
26763
26766
26770
26785
26791
26802
26804
26805
26808
26816
26817
26820
26822
26824
26834
26837
26841
26846
26849
26850
26862
26863
26864
26865
26884
26895
26900
26903
26907
26908
26931
26946
26952
26955
26970
26974
26982
26988
26990
26996
27011
27017
27028
27044
27047
27051
27059
27083
27119
27122
27123
27124
27130
27137
27138
27140
27153
27158
27160
27161
27167
27168
27171
27177
27189
27190
27194
27195
27202
27203
27204
27205
27212
27213
27222
27224
27226
27227
27228
27230
27237
27238
27240
27242
27245
27247
27248
27258
27273
27280
27293
27327
27335
27337
27344
27345
27350
27353
27354
27360
27362
27365
27367
27370
27372
27379
27382
27392
27396
27401
27403
27406
27409
27420
27423
27427
27430
27437
27439
27446
27458
27467
27472
27477
27482
27484
27491
27494
27502
27510
27517
27522
27533
27534
27536
27545
27549
27560
27565
27567
27571
27572
27586
27588
27600
27602
27609
27611
27625
27628
27629
27630
27632
27647
27653
27654
27662
27664
27673
27679
27686
27690
27692
27695
27699
27700
27704
27709
27712
27714
27718
27720
27724
27733
27734
27735
27736
27743
27747
27748
27753
27756
27757
27758
27760
27764
27775
27777
27794
27795
27803
27817
27829
27840
27841
27849
27857
27864
27867
27869
27881
27891
27894
27896
27898
27900
27906
27928
27929
27930
27933
27935
27948
27950
27952
27958
27960
27963
27964
27965
27966
27976
27980
27984
27995
27997
28001
28014
28028
28032
28042
28043
28049
28058
28060
28068
28075
28079
28089
28092
28097
28104
28109
28121
28125
28128
28133
28141
28151
28161
28171
28173
28177
28185
28191
28192
28198
28199
28200
28215
28218
28227
28233
28238
28239
28241
28253
28258
28262
28274
28285
28288
28293
28299
28308
28311
28320
28328
28336
28340
28341
28342
28343
28354
28365
28372
28377
28378
28380
28390
28392
28397
28404
28408
28409
28413
28416
28426
28428
28442
28450
28454
28459
28461
28465
28470
28475
28476
28488
28493
28495
28497
28504
28508
28513
28530
28538
28547
28552
28562
28565
28584
28592
28593
28599
28606
28610
28621
28622
28624
28627
28645
28647
28649
28655
28662
28671
28674
28675
28677
28694
28701
28707
28709
28712
28713
28715
28731
28738
28739
28750
28751
28755
28758
28763
28767
28782
28819
28820
28827
28842
28851
28853
28856
28857
28885
28886
28889
28894
28895
28898
28899
28906
28921
28923
28924
28928
28934
28943
28945
28950
28958
28962
28964
28973
28974
28980
28997
29006
29010
29012
29014
29015
29016
29017
29031
29035
29039
29047
29058
29085
29089
29094
29096
29103
29106
29108
29109
29113
29116
29128
29129
29131
29133
29146
29155
29163
29169
29174
29178
29180
29202
29208
29211
29216
29229
29234
29249
29256
29259
29261
29270
29277
29282
29283
29292
29293
29298
29300
29302
29303
29310
29313
29317
29322
29331
29346
29350
29358
29359
29369
29371
29381
29393
29397
29400
29413
29420
29422
29436
29438
29440
29449
29450
29454
29455
29456
29458
29465
29470
29472
29478
29485
29487
29490
29492
29505
29508
29512
29531
29532
29533
29538
29541
29542
29545
29548
29549
29551
29554
29557
29560
29561
29569
29571
29581
29584
29587
29588
29589
29591
29594
29611
29612
29616
29617
29618
29621
29625
29636
29642
29643
29645
29648
29649
29650
29653
29654
29658
29683
29689
29691
29693
29697
29715
29730
29732
29738
29743
29749
29752
29754
29755
29763
29765
29768
29770
29774
29776
29781
29783
29786
29794
29796
29797
29804
29806
29812
29820
29824
29833
29850
29853
29857
29868
29879
29890
29903
29910
29913
29921
29925
29926
29929
29933
29941
29951
29958
29964
29965
29973
29976
29977
29986
29988
29993
29997
29999
30003
30018
30021
30035
30037
30038
30039
30043
30047
30054
30057
30064
30069
30074
30076
30081
30084
30087
30091
30094
30096
30097
30101
30104
30107
30108
30125
30129
30132
30138
30140
30145
30146
30147
30148
30152
30160
30162
30172
30174
30177
30184
30186
30198
30200
30205
30211
30214
30218
30221
30222
30223
30226
30231
30235
30240
30246
30250
30251
30252
30260
30263
30269
30270
30276
30278
30280
30282
30288
30293
30296
30299
30324
30337
30358
30372
30373
30374
30376
30377
30379
30381
30389
30399
30406
30411
30413
30422
30451
30456
30470
30474
30484
30492
30494
30496
30498
30499
30506
30510
30511
30515
30519
30529
30537
30546
30551
30576
30586
30591
30596
30598
30600
30613
30634
30637
30644
30647
30652
30653
30662
30668
30670
30675
30693
30697
30719
30730
30733
30737
30744
30745
30747
30749
30755
30760
30784
30794
30800
30805
30807
30808
30815
30816
30819
30828
30835
30838
30851
30863
30869
30875
30882
30895
30900
30904
30912
30917
30919
30922
30928
30938
30941
30959
30969
30974
30976
30977
30982
30990
31000
31007
31009
31010
31013
31028
31030
31032
31038
31049
31051
31053
31058
31062
31063
31081
31084
31086
31088
31092
31097
31101
31103
31114
31118
31128
31129
31130
31136
31144
31153
31162
31168
31169
31172
31179
31183
31184
31192
31196
31207
31209
31211
31226
31227
31230
31233
31243
31248
31256
31265
31266
31267
31268
31270
31285
31287
31299
31314
31315
31320
31324
31326
31337
31338
31341
31343
31349
31350
31355
31358
31363
31377
31391
31392
31397
31403
31404
31410
31428
31435
31436
31439
31445
31467
31471
31488
31489
31498
31524
31525
31529
31541
31547
31548
31552
31562
31575
31579
31600
31602
31617
31619
31620
31625
31626
31637
31639
31644
31647
31650
31654
31656
31659
31665
31686
31695
31705
31713
31719
31720
31725
31733
31741
31764
31765
31766
31770
31771
31788
31789
31790
31799
31802
31812
31824
31826
31827
31829
31833
31838
31841
31847
31862
31875
31881
31884
31887
31901
31908
31910
31918
31919
31935
31937
31940
31941
31942
31950
31959
31961
31966
31969
31972
31975
31978
31979
31984
31989
31995
31996
31997
32001
32002
32003
32007
32009
32011
32017
32039
32049
32052
32074
32087
32107
32114
32117
32123
32129
32147
32148
32149
32153
32156
32157
32164
32169
32174
32193
32195
32221
32224
32228
32237
32251
32254
32258
32267
32272
32277
32282
32286
32288
32290
32291
32300
32303
32328
32332
32335
32343
32344
32354
32364
32365
32367
32368
32370
32379
32387
32391
32396
32399
32410
32419
32434
32449
32451
32469
32471
32473
32477
32480
32493
32496
32504
32516
32519
32521
32524
32525
32530
32545
32561
32571
32572
32579
32590
32595
32597
32603
32623
32626
32627
32631
32635
32636
32645
32647
32671
32674
32675
32680
32689
32690
32692
32714
32717
32719
32726
32735
32740
32741
32743
32755
32758
32766
32767
32770
32772
32773
32783
32788
32793
32798
32804
32814
32819
32827
32832
32835
32850
32853
32858
32872
32878
32879
32895
32899
32907
32916
32923
32925
32931
32939
32944
32945
32956
32958
32961
32971
32979
33005
33011
33024
33028
33033
33034
33041
33042
33053
33055
33059
33061
33066
33067
33074
33093
33094
33105
33108
33110
33111
33120
33126
33129
33131
33152
33153
33155
33162
33169
33182
33191
33192
33193
33199
33208
33214
33217
33218
33220
33224
33244
33254
33259
33270
33271
33273
33283
33286
33289
33295
33296
33303
33310
33335
33340
33341
33351
33356
33363
33376
33382
33385
33388
33389
33392
33400
33404
33413
33427
33430
33431
33435
33439
33451
33468
33488
33490
33509
33513
33517
33534
33539
33544
33550
33552
33557
33582
33586
33593
33601
33603
33605
33615
33633
33635
33640
33642
33649
33652
33655
33660
33662
33671
33673
33684
33686
33702
33713
33724
33733
33740
33742
33744
33750
33752
33761
33763
33767
33776
33779
33782
33789
33791
33793
33801
33803
33807
33815
33827
33829
33832
33840
33845
33847
33848
33850
33853
33859
33869
33872
33877
33886
33899
33900
33901
33902
33915
33917
33922
33924
33926
33930
33931
33932
33939
33944
33950
33951
33955
33961
33970
33972
33973
33974
33992
33993
34002
34017
34021
34024
34032
34035
34047
34051
34071
34072
34073
34077
34082
34086
34088
34093
34094
34098
34099
34105
34112
34120
34125
34126
34130
34131
34150
34157
34163
34167
34170
34188
34191
34209
34210
34217
34224
34227
34234
34236
34237
34243
34250
34254
34261
34271
34276
34282
34283
34290
34291
34305
34322
34325
34327
34337
34338
34344
34364
34369
34374
34383
34387
34392
34394
34418
34439
34445
34451
34455
34457
34459
34462
34463
34468
34475
34493
34512
34516
34519
34521
34523
34532
34533
34536
34538
34558
34559
34577
34578
34579
34589
34593
34608
34624
34626
34636
34647
34672
34711
34716
34719
34725
34736
34742
34743
34748
34755
34757
34765
34766
34771
34773
34781
34797
34821
34825
34826
34831
34833
34842
34866
34872
34874
34881
34906
34912
34929
34932
34936
34941
34942
34951
34972
34991
34993
35000
35007
35018
35022
35037
35044
35047
35052
35058
35059
35060
35061
35072
35076
35080
35094
35096
35124
35126
35134
35140
35141
35142
35143
35146
35156
35161
35166
35169
35183
35184
35188
35195
35196
35205
35209
35215
35221
35234
35239
35248
35258
35272
35282
35288
35326
35340
35358
35365
35376
35395
35400
35406
35409
35413
35422
35426
35435
35460
35463
35464
35473
35478
35479
35480
35482
35489
35497
35504
35516
35538
35542
35546
35547
35550
35551
35562
35569
35577
35585
35603
35604
35617
35629
35633
35636
35647
35649
35655
35672
35679
35683
35691
35695
35701
35704
35705
35707
35716
35718
35726
35729
35740
35742
35751
35761
35786
35806
35809
35812
35821
35822
35838
35845
35846
35848
35859
35862
35875
35880
35881
35883
35885
35886
35899
35901
35903
35904
35912
35919
35920
35923
35930
35931
35932
35935
35937
35942
35949
35956
35959
35960
35971
35978
35980
35983
35985
36003
36004
36012
36016
36022
36027
36028
36040
36053
36059
36066
36071
36073
36087
36098
36110
36111
36114
36121
36123
36138
36139
36154
36162
36164
36165
36171
36176
36182
36189
36196
36203
36213
36214
36249
36254
36265
36291
36297
36312
36319
36320
36331
36334
36353
36354
36358
36363
36367
36370
36377
36381
36397
36414
36416
36429
36438
36440
36441
36449
36456
36464
36465
36479
36482
36497
36500
36514
36515
36521
36524
36535
36557
36571
36576
36584
36586
36587
36588
36591
36593
36595
36598
36602
36610
36616
36618
36627
36630
36636
36664
36683
36687
36700
36703
36706
36712
36723
36725
36751
36760
36793
36827
36833
36834
36836
36844
36846
36864
36879
36882
36884
36889
36893
36934
36939
36940
36944
36953
36960
36961
36965
36967
36981
36982
36990
37002
37011
37027
37028
37029
37033
37037
37040
37046
37049
37060
37061
37066
37070
37072
37073
37079
37088
37093
37098
37107
37109
37115
37125
37136
37139
37147
37153
37154
37157
37158
37160
37168
37169
37170
37172
37183
37201
37205
37208
37212
37219
37232
37250
37270
37272
37278
37281
37282
37295
37296
37303
37306
37308
37309
37314
37334
37336
37361
37363
37374
37379
37380
37405
37413
37416
37418
37421
37435
37437
37442
37447
37456
37457
37460
37463
37467
37476
37482
37485
37490
37493
37523
37529
37531
37537
37539
37543
37546
37556
37563
37572
37574
37602
37613
37616
37631
37640
37641
37652
37653
37668
37679
37683
37693
37707
37718
37726
37730
37734
37740
37753
37761
37763
37774
37775
37776
37781
37782
37787
37793
37794
37799
37823
37825
37827
37844
37871
37879
37880
37882
37886
37894
37916
37943
37951
37954
37956
37972
37978
37980
37989
37992
37993
37995
37996
37998
37999
38000
38002
38004
38011
38013
38016
38021
38026
38045
38049
38059
38060
38068
38075
38076
38094
38099
38127
38131
38135
38136
38137
38148
38157
38168
38175
38176
38187
38192
38203
38205
38214
38243
38256
38277
38285
38294
38314
38319
38327
38331
38333
38339
38353
38369
38372
38384
38390
38391
38394
38400
38406
38408
38409
38417
38424
38425
38430
38442
38449
38460
38486
38491
38493
38495
38505
38508
38517
38525
38538
38540
38551
38562
38563
38569
38581
38587
38591
38592
38593
38598
38603
38606
38622
38625
38628
38631
38641
38643
38645
38647
38649
38654
38661
38678
38686
38697
38701
38708
38710
38712
38718
38725
38729
38734
38738
38754
38759
38766
38780
38783
38786
38788
38795
38797
38799
38822
38823
38829
38841
38843
38870
38875
38892
38895
38906
38921
38937
38944
38958
38978
38982
38985
38993
38999
39003
39004
39013
39017
39034
39044
39046
39048
39049
39054
39064
39072
39074
39078
39084
39087
39094
39100
39105
39108
39109
39111
39125
39129
39141
39147
39149
39168
39188
39202
39204
39210
39219
39226
39242
39248
39249
39275
39285
39287
39289
39294
39318
39324
39328
39330
39332
39334
39347
39350
39356
39358
39364
39380
39390
39446
39467
39470
39492
39499
39512
39519
39524
39531
39533
39539
39552
39557
39565
39571
39582
39604
39607
39609
39618
39619
39622
39640
39641
39644
39647
39652
39656
39663
39664
39665
39673
39674
39675
39678
39698
39711
39721
39724
39743
39744
39748
39752
39754
39761
39771
39773
39775
39776
39801
39812
39834
39836
39842
39846
39849
39850
39853
39875
39910
39916
39925
39930
39950
39961
39962
39972
39973
39983
40001
40003
40007
40016
40019
40022
40027
40049
40055
40059
40064
40071
40072
40073
40082
40092
40093
40098
40106
40121
40125
40132
40155
40161
40167
40179
40195
40203
40231
40252
40253
40263
40284
40290
40297
40309
40323
40328
40337
40346
40350
40351
40352
40355
40357
40358
40359
40362
40365
40373
40381
40387
40393
40403
40405
40420
40427
40436
40438
40443
40461
40475
40490
40493
40503
40514
40516
40541
40549
40551
40557
40568
40576
40581
40598
40612
40619
40621
40624
40652
40657
40686
40693
40711
40718
40719
40723
40729
40751
40755
40759
40782
40784
40789
40803
40821
40832
40838
40846
40884
40885
40889
40890
40893
40899
40904
40909
40922
40923
40959
40961
40979
40980
40988
41005
41012
41015
41020
41034
41042
41052
41054
41062
41063
41080
41088
41095
41108
41124
41125
41128
41132
41143
41152
41163
41173
41175
41179
41180
41182
41190
41224
41227
41244
41260
41266
41270
41275
41278
41287
41320
41331
41332
41339
41345
41349
41350
41359
41372
41382
41403
41412
41416
41419
41426
41451
41453
41454
41480
41484
41487
41489
41490
41491
41496
41510
41538
41547
41553
41554
41556
41571
41575
41578
41582
41587
41591
41594
41602
41606
41614
41618
41632
41639
41641
41643
41649
41662
41681
41685
41717
41718
41720
41747
41750
41751
41755
41760
41764
41769
41774
41777
41784
41791
41793
41810
41824
41836
41843
41846
41853
41861
41867
41869
41882
41883
41886
41912
41915
41916
41933
41942
41945
41946
41954
41960
41961
41973
41982
41984
41994
41998
42024
42032
42051
42064
42075
42078
42095
42096
42099
42103
42112
42116
42117
42151
42169
42177
42181
42199
42204
42236
42249
42268
42269
42272
42288
42295
42300
42305
42328
42332
42349
42351
42354
42355
42367
42369
42370
42371
42372
42377
42389
42398
42400
42401
42412
42417
42418
42427
42436
42451
42458
42463
42466
42476
42481
42498
42500
42507
42529
42540
42572
42592
42597
42618
42629
42642
42654
42661
42663
42668
42685
42695
42705
42707
42712
42728
42733
42742
42744
42753
42757
42759
42760
42764
42780
42793
42798
42802
42803
42812
42820
42824
42849
42857
42859
42862
42866
42873
42874
42876
42880
42884
42897
42898
42902
42903
42911
42913
42929
42935
42942
42950
42959
42962
42983
42988
43000
43009
43015
43016
43035
43036
43039
43043
43065
43070
43072
43075
43078
43082
43088
43100
43101
43117
43120
43138
43139
43141
43143
43144
43157
43161
43168
43176
43181
43188
43189
43190
43195
43196
43208
43220
43222
43230
43240
43241
43242
43245
43251
43269
43274
43292
43296
43301
43303
43314
43318
43327
43346
43355
43365
43373
43374
43375
43380
43381
43388
43400
43402
43407
43409
43421
43424
43426
43439
43446
43449
43467
43471
43472
43476
43478
43494
43502
43509
43510
43523
43534
43543
43551
43555
43565
43571
43647
43649
43668
43679
43680
43692
43697
43716
43717
43724
43733
43736
43738
43741
43752
43756
43765
43770
43774
43782
43792
43809
43815
43832
43849
43850
43853
43868
43874
43875
43900
43910
43934
43935
43946
43953
43957
43959
43967
43977
43982
43997
44005
44007
44026
44027
44029
44030
44041
44061
44066
44096
44103
44109
44115
44116
44125
44127
44145
44149
44169
44182
44183
44193
44199
44204
44208
44212
44213
44220
44231
44232
44239
44247
44250
44254
44261
44272
44289
44290
44294
44318
44337
44338
44354
44378
44399
44412
44414
44424
44431
44456
44484
44490
44491
44497
44504
44506
44511
44518
44521
44523
44529
44546
44555
44564
44572
44573
44575
44576
44577
44587
44598
44610
44616
44623
44629
44646
44647
44669
44672
44674
44675
44678
44679
44683
44697
44702
44712
44716
44732
44734
44739
44744
44748
44749
44752
44768
44777
44788
44798
44812
44828
44829
44839
44869
44876
44878
44889
44896
44899
44900
44925
44959
44960
44975
44995
44996
45005
45006
45025
45031
45032
45048
45061
45065
45071
45077
45127
45134
45140
45146
45156
45157
45161
45163
45164
45174
45196
45200
45203
45209
45213
45221
45227
45229
45262
45277
45279
45283
45288
45299
45304
45306
45319
45324
45326
45328
45330
45334
45338
45341
45343
45347
45361
45366
45369
45371
45374
45391
45398
45404
45415
45446
45447
45448
45460
45462
45465
45477
45479
45488
45495
45507
45522
45530
45531
45543
45568
45569
45573
45574
45620
45633
45637
45640
45643
45660
45668
45675
45690
45693
45699
45715
45726
45731
45734
45741
45753
45757
45759
45773
45776
45785
45793
45811
45817
45830
45832
45843
45847
45850
45862
45863
45867
45881
45884
45887
45901
45912
45920
45924
45930
45938
45943
45948
45949
45967
45971
46015
46028
46048
46055
46057
46058
46065
46069
46070
46073
46075
46076
46096
46120
46130
46133
46137
46138
46139
46142
46169
46170
46173
46174
46189
46203
46220
46242
46250
46259
46261
46262
46274
46283
46291
46293
46301
46303
46306
46320
46333
46343
46348
46361
46369
46375
46429
46438
46446
46451
46457
46462
46471
46473
46482
46484
46485
46492
46499
46500
46522
46549
46568
46570
46571
46577
46595
46601
46608
46617
46655
46668
46692
46705
46720
46727
46737
46738
46755
46759
46767
46773
46780
46792
46793
46806
46825
46841
46847
46848
46867
46868
46880
46884
46902
46913
46922
46925
46927
46928
46930
46957
46987
46997
47010
47029
47072
47093
47094
47096
47132
47134
47136
47138
47140
47149
47157
47160
47163
47164
47187
47192
47193
47216
47235
47241
47248
47267
47272
47277
47279
47290
47326
47338
47339
47354
47366
47371
47399
47424
47440
47451
47455
47471
47488
47493
47500
47501
47508
47511
47512
47532
47534
47551
47553
47555
47587
47614
47615
47619
47622
47640
47646
47650
47651
47656
47675
47692
47696
47709
47711
47722
47728
47731
47733
47739
47743
47755
47756
47763
47774
47781
47782
47785
47789
47808
47814
47818
47824
47841
47848
47852
47858
47869
47889
47890
47897
47906
47907
47927
47934
47940
47942
47944
47948
47953
47954
47960
47980
47983
47985
47988
47993
47999
48002
48020
48028
48043
48052
48055
48074
48086
48097
48103
48113
48142
48145
48146
48184
48200
48213
48217
48219
48220
48232
48233
48236
48241
48264
48272
48300
48301
48308
48309
48310
48326
48330
48336
48371
48372
48376
48379
48396
48397
48401
48402
48406
48409
48416
48430
48441
48444
48455
48470
48475
48483
48484
48507
48518
48551
48552
48553
48567
48570
48588
48603
48606
48611
48632
48637
48647
48659
48664
48673
48675
48680
48684
48704
48707
48743
48753
48785
48794
48812
48830
48833
48849
48851
48855
48859
48860
48864
48868
48887
48890
48895
48905
48906
48921
48927
48929
48932
48935
48937
48945
48952
48955
48957
48962
48973
48983
48997
49011
49014
49029
49040
49054
49096
49097
49124
49128
49133
49134
49153
49170
49181
49191
49198
49215
49219
49248
49256
49259
49261
49264
49273
49282
49287
49289
49300
49314
49320
49322
49324
49325
49334
49340
49364
49401
49419
49422
49465
49485
49501
49504
49516
49523
49534
49537
49549
49552
49555
49558
49575
49595
49620
49625
49627
49658
49664
49669
49670
49677
49682
49684
49691
49692
49703
49708
49713
49714
49715
49718
49724
49725
49748
49765
49766
49769
49776
49787
49798
49809
49823
49825
49826
49835
49858
49863
49875
49876
49889
49907
49908
49942
49960
49991
50012
50029
50030
50067
50098
50100
50107
50123
50143
50151
50178
50188
50199
50231
50233
50246
50249
50252
50304
50319
50322
50330
50333
50346
50355
50358
50359
50360
50371
50390
50395
50398
50407
50433
50457
50463
50477
50484
50492
50500
50504
50507
50508
50525
50526
50534
50543
50604
50614
50615
50636
50693
50698
50702
50716
50718
50719
50725
50788
50789
50792
50794
50802
50803
50808
50812
50821
50838
50853
50864
50866
50921
50932
50936
50938
50947
50949
50953
50995
50998
51000
51012
51024
51031
51039
51047
51054
51067
51070
51083
51086
51105
51118
51119
51148
51157
51186
51189
51192
51201
51216
51227
51234
51241
51249
51263
51268
51272
51274
51275
51278
51280
51285
51289
51297
51301
51316
51319
51322
51333
51338
51342
51372
51422
51424
51448
51487
51494
51497
51498
51501
51505
51515
51520
51525
51541
51555
51556
51572
51574
51578
51586
51588
51589
51595
51598
51623
51635
51644
51673
51688
51695
51696
51716
51728
51729
51742
51748
51775
51790
51797
51803
51819
51831
51842
51845
51860
51883
51888
51889
51891
51948
51952
51964
51972
51976
51985
52000
52006
52010
52014
52021
52032
52039
52046
52053
52065
52120
52123
52141
52145
52152
52166
52167
52172
52211
52214
52218
52264
52271
52275
52278
52281
52287
52295
52300
52302
52304
52305
52317
52323
52339
52349
52351
52369
52380
52384
52397
52411
52426
52434
52450
52451
52457
52464
52472
52478
52481
52486
52502
52514
52519
52549
52562
52571
52611
52615
52617
52624
52636
52640
52642
52645
52653
52654
52712
52726
52728
52738
52754
52755
52778
52784
52790
52830
52838
52847
52858
52859
52864
52871
52883
52904
52907
52919
52920
52924
52929
52934
52942
52945
52953
52965
52971
52975
52977
52992
53007
53017
53023
53030
53032
53057
53070
53074
53081
53102
53124
53152
53163
53166
53224
53231
53236
53265
53268
53269
53276
53281
53287
53310
53345
53349
53354
53358
53379
53380
53390
53396
53434
53483
53509
53518
53557
53571
53577
53579
53611
53613
53624
53630
53642
53650
53683
53701
53709
53739
53740
53750
53759
53789
53793
53796
53800
53809
53810
53812
53824
53844
53851
53861
53875
53879
53893
53894
53916
53919
53920
53945
53951
53955
53977
53980
53983
53987
53992
53997
54004
54006
54030
54044
54051
54056
54061
54084
54087
54095
54114
54132
54133
54138
54139
54150
54154
54173
54184
54195
54205
54210
54228
54236
54243
54250
54254
54263
54266
54306
54333
54338
54350
54359
54361
54363
54372
54374
54379
54383
54392
54397
54409
54444
54450
54476
54483
54488
54507
54508
54518
54521
54556
54563
54567
54572
54587
54588
54592
54607
54616
54620
54622
54624
54633
54639
54690
54697
54699
54703
54723
54731
54744
54771
54789
54829
54838
54866
54867
54874
54878
54902
54903
54907
54909
54911
54917
54934
54958
54962
54966
54971
54980
55008
55030
55046
55048
55091
55101
55110
55112
55116
55125
55170
55189
55217
55221
55249
55267
55274
55288
55320
55322
55327
55346
55383
55404
55409
55436
55450
55451
55465
55487
55492
55543
55558
55588
55604
55606
55619
55635
55649
55665
55671
55680
55686
55687
55689
55693
55698
55718
55721
55738
55739
55744
55747
55760
55772
55774
55778
55783
55786
55791
55798
55818
55856
55862
55867
55889
55914
55915
55917
55941
55943
55948
55955
55964
55965
55968
55976
55979
55981
56004
56009
56010
56014
56039
56040
56041
56087
56096
56111
56122
56127
56128
56134
56152
56166
56167
56173
56193
56227
56231
56232
56246
56253
56270
56276
56279
56280
56306
56320
56331
56378
56380
56383
56415
56435
56445
56463
56470
56485
56489
56491
56495
56497
56502
56511
56538
56539
56540
56542
56546
56547
56551
56555
56558
56598
56671
56679
56684
56695
56702
56703
56714
56721
56749
56757
56759
56764
56768
56787
56856
56868
56870
56900
56905
56907
56933
56940
56941
56952
56969
56970
56992
56994
57014
57018
57020
57028
57035
57043
57048
57060
57063
57078
57081
57088
57106
57120
57129
57150
57152
57155
57171
57172
57196
57205
57208
57236
57238
57267
57287
57296
57325
57341
57350
57353
57357
57381
57402
57409
57411
57423
57424
57441
57451
57496
57513
57524
57532
57534
57535
57540
57548
57550
57551
57565
57569
57570
57571
57573
57576
57592
57596
57613
57615
57666
57674
57680
57683
57710
57712
57717
57732
57735
57739
57762
57805
57821
57825
57833
57865
57879
57925
57933
57949
57954
57957
57985
58044
58046
58057
58075
58106
58118
58144
58150
58190
58196
58205
58212
58231
58247
58256
58276
58282
58302
58305
58315
58317
58324
58333
58345
58351
58374
58377
58384
58387
58397
58400
58420
58433
58449
58454
58483
58497
58515
58533
58548
58549
58552
58554
58558
58574
58581
58594
58602
58603
58607
58621
58623
58626
58634
58645
58659
58706
58723
58731
58740
58768
58819
58837
58873
58883
58896
58932
58941
58957
58976
58977
58980
58984
58987
59012
59036
59052
59056
59069
59080
59082
59093
59128
59138
59144
59162
59176
59177
59178
59187
59193
59198
59204
59229
59231
59243
59276
59286
59291
59301
59312
59317
59327
59337
59348
59349
59365
59393
59422
59447
59450
59466
59493
59506
59521
59538
59569
59585
59606
59608
59610
59622
59624
59642
59653
59655
59661
59668
59669
59670
59671
59680
59686
59696
59700
59716
59724
59739
59769
59771
59780
59794
59802
59829
59860
59861
59869
59907
59908
59929
59944
59950
59959
59960
59964
59966
59970
59981
59987
60002
60003
60012
60037
60039
60047
60050
60052
60055
60114
60120
60137
60162
60174
60180
60190
60212
60217
60238
60239
60242
60258
60273
60275
60277
60282
60283
60316
60318
60322
60327
60346
60360
60363
60367
60391
60416
60442
60445
60451
60453
60467
60485
60489
60506
60514
60552
60568
60592
60593
60607
60610
60618
60631
60654
60658
60667
60681
60730
60735
60736
60738
60743
60770
60777
60794
60815
60826
60836
60840
60851
60856
60857
60876
60881
60894
60925
60977
60988
60991
61005
61010
61030
61036
61073
61103
61126
61154
61161
61170
61185
61199
61206
61209
61210
61228
61243
61264
61265
61269
61322
61364
61369
61383
61384
61386
61391
61397
61405
61446
61448
61450
61473
61476
61483
61485
61494
61501
61507
61535
61544
61558
61569
61571
61574
61576
61586
61601
61604
61610
61620
61643
61660
61678
61689
61696
61752
61758
61759
61781
61782
61794
61798
61801
61815
61835
61837
61841
61857
61878
61880
61889
61912
61922
61925
61932
61985
62024
62043
62044
62046
62065
62070
62095
62116
62117
62149
62162
62179
62183
62185
62190
62200
62207
62218
62226
62227
62238
62243
62248
62259
62266
62292
62305
62337
62349
62366
62411
62414
62423
62441
62488
62502
62546
62550
62569
62579
62584
62586
62597
62610
62626
62643
62685
62686
62691
62695
62696
62708
62719
62755
62762
62776
62778
62789
62807
62830
62837
62844
62861
62872
62873
62877
62898
62910
62915
62929
62930
62941
62948
62951
62982
62985
62991
63001
63038
63057
63062
63084
63135
63136
63142
63149
63151
63157
63165
63192
63237
63250
63268
63277
63280
63286
63305
63307
63320
63335
63356
63388
63393
63396
63401
63408
63422
63445
63471
63501
63520
63558
63561
63603
63606
63630
63653
63661
63670
63683
63723
63727
63735
63753
63764
63787
63815
63818
63821
63844
63852
63866
63871
63873
63879
63880
63893
63906
63908
63961
63966
63985
63990
64013
64021
64055
64070
64108
64127
64132
64134
64135
64146
64160
64173
64179
64201
64203
64226
64234
64239
64285
64289
64310
64313
64338
64358
64376
64381
64396
64416
64422
64425
64439
64448
64455
64490
64498
64504
64507
64513
64531
64543
64580
64581
64605
64619
64622
64643
64649
64650
64682
64686
64700
64706
64708
64721
64726
64753
64773
64813
64838
64850
64889
64910
64913
64914
64915
64920
64927
64941
64963
65001
65006
65021
65039
65042
65079
65082
65088
65150
65177
65179
65184
65194
65199
65201
65205
65231
65244
65252
65256
65269
65297
65298
65305
65312
65316
65319
65335
65342
65362
65371
65393
65405
65406
65409
65411
65478
65489
65527
65550
65580
65581
65611
65618
65635
65646
65650
65655
65667
65708
65710
65728
65738
65753
65757
65763
65765
65777
65796
65824
65827
65831
65838
65861
65864
65878
65886
65975
66029
66034
66041
66052
66054
66099
66127
66153
66172
66186
66196
66230
66254
66269
66320
66336
66348
66349
66350
66354
66359
66366
66373
66394
66413
66420
66424
66425
66446
66510
66517
66532
66533
66536
66541
66547
66560
66577
66580
66586
66590
66592
66599
66613
66631
66659
66690
66706
66757
66773
66783
66793
66848
66854
66888
66897
66926
66932
66943
66967
66969
66970
66975
66976
66983
67016
67025
67037
67039
67061
67065
67095
67100
67112
67124
67138
67180
67184
67208
67234
67235
67257
67275
67347
67373
67375
67418
67426
67447
67499
67518
67534
67575
67576
67578
67596
67605
67623
67625
67635
67657
67670
67701
67710
67728
67732
67739
67745
67752
67759
67765
67776
67819
67828
67872
67878
67896
67898
67906
67915
67921
67940
67964
67973
68003
68005
68019
68022
68023
68037
68042
68064
68075
68109
68126
68156
68159
68163
68207
68252
68278
68279
68311
68313
68315
68327
68328
68336
68342
68369
68394
68422
68430
68434
68473
68490
68508
68550
68558
68600
68614
68623
68641
68647
68659
68707
68742
68754
68769
68780
68781
68783
68797
68810
68831
68853
68887
68892
68894
68914
68915
68998
69006
69015
69033
69063
69081
69084
69089
69112
69114
69167
69191
69192
69208
69239
69243
69255
69264
69273
69293
69295
69305
69308
69330
69344
69351
69352
69359
69367
69374
69375
69402
69413
69429
69449
69454
69461
69464
69471
69472
69486
69561
69567
69574
69577
69583
69660
69665
69684
69685
69744
69747
69764
69784
69856
69884
69886
69892
69898
69916
69923
69958
69974
69976
69983
69991
70034
70042
70052
70084
70112
70123
70126
70141
70157
70202
70212
70221
70238
70244
70246
70254
70255
70266
70281
70294
70307
70319
70338
70381
70392
70405
70410
70433
70435
70440
70454
70473
70496
70512
70514
70534
70538
70546
70558
70561
70573
70611
70664
70688
70692
70696
70698
70703
70755
70776
70794
70814
70818
70825
70827
70842
70853
70901
70908
70930
70932
70938
70948
70953
70996
71042
71053
71065
71072
71073
71093
71100
71117
71142
71144
71158
71164
71188
71214
71285
71359
71405
71406
71408
71422
71428
71436
71446
71479
71483
71495
71497
71501
71505
71512
71515
71516
71565
71570
71575
71590
71592
71647
71652
71709
71712
71715
71741
71743
71766
71802
71805
71877
71881
71911
71915
71921
71934
71946
71970
71985
71989
72012
72045
72066
72067
72090
72184
72213
72221
72230
72244
72245
72298
72312
72314
72322
72328
72346
72349
72361
72378
72384
72414
72419
72445
72473
72481
72518
72523
72529
72541
72547
72549
72553
72564
72567
72606
72613
72624
72627
72694
72707
72710
72711
72716
72720
72781
72783
72814
72826
72833
72865
72875
72906
72910
72963
72980
72981
72992
73033
73039
73052
73068
73114
73117
73118
73130
73159
73165
73172
73174
73194
73200
73229
73234
73246
73299
73313
73347
73360
73391
73404
73406
73416
73438
73493
73496
73504
73531
73533
73551
73555
73589
73595
73624
73627
73671
73691
73693
73709
73738
73745
73756
73801
73835
73865
73870
73879
73908
73948
73979
73982
74027
74055
74060
74089
74117
74152
74153
74155
74204
74216
74243
74270
74298
74314
74321
74363
74385
74393
74443
74451
74455
74477
74483
74525
74550
74574
74593
74630
74648
74661
74715
74724
74734
74735
74750
74755
74756
74757
74767
74777
74794
74804
74814
74872
74876
74877
74902
74903
74915
74927
74988
74992
74994
75051
75058
75060
75068
75105
75108
75114
75121
75123
75125
75150
75174
75191
75203
75230
75237
75258
75270
75275
75320
75329
75332
75336
75339
75341
75342
75352
75361
75362
75370
75393
75395
75401
75415
75419
75422
75441
75458
75465
75475
75505
75509
75515
75528
75530
75560
75579
75600
75606
75608
75625
75652
75656
75667
75678
75711
75724
75740
75751
75810
75828
75842
75843
75848
75869
75887
75897
75931
75964
75973
75988
76018
76024
76037
76048
76051
76053
76064
76068
76176
76186
76197
76230
76264
76284
76289
76342
76352
76364
76366
76433
76471
76475
76478
76512
76521
76531
76557
76579
76588
76591
76622
76630
76644
76682
76707
76717
76729
76736
76760
76762
76787
76800
76802
76827
76828
76833
76836
76842
76848
76867
76926
76939
76943
76945
76963
76982
77019
77027
77028
77036
77043
77105
77107
77136
77142
77182
77216
77231
77245
77264
77278
77282
77295
77303
77316
77318
77370
77397
77423
77450
77462
77506
77517
77612
77635
77646
77653
77714
77717
77719
77747
77758
77769
77773
77774
77791
77802
77810
77854
77870
77881
77882
77930
77942
77945
77963
77991
78012
78014
78018
78080
78111
78119
78130
78157
78161
78170
78183
78185
78208
78249
78258
78300
78304
78334
78338
78361
78379
78397
78406
78407
78418
78419
78424
78479
78487
78503
78521
78533
78542
78547
78599
78603
78636
78678
78685
78699
78720
78724
78741
78785
78789
78795
78858
78885
78891
78898
78913
78920
78926
78951
78956
78971
78992
79049
79058
79062
79077
79088
79091
79098
79103
79114
79115
79126
79143
79150
79154
79210
79221
79285
79300
79321
79331
79377
79395
79417
79420
79460
79461
79476
79500
79503
79520
79531
79559
79566
79621
79636
79641
79658
79690
79699
79703
79744
79750
79756
79757
79790
79809
79816
79832
79852
79869
79885
79903
79938
79939
79954
79987
80017
80018
80054
80086
80116
80137
80186
80218
80222
80224
80248
80265
80277
80291
80313
80316
80317
80321
80331
80332
80344
80347
80360
80363
80397
80400
80425
80431
80458
80473
80483
80487
80511
80524
80570
80612
80653
80711
80729
80763
80798
80817
80832
80836
80837
80886
80897
80899
80946
80993
81003
81054
81183
81189
81193
81194
81259
81269
81280
81294
81339
81347
81350
81372
81404
81414
81418
81427
81459
81477
81480
81519
81524
81555
81610
81611
81645
81646
81666
81684
81699
81705
81726
81787
81796
81837
81841
81859
81873
81885
81893
81908
81924
81930
81955
81977
81985
81987
82007
82024
82040
82047
82073
82094
82115
82124
82139
82170
82236
82253
82279
82290
82316
82348
82358
82363
82364
82385
82391
82397
82400
82419
82431
82459
82464
82505
82509
82513
82515
82525
82537
82551
82585
82602
82608
82622
82630
82637
82651
82670
82674
82686
82687
82698
82714
82733
82756
82774
82799
82833
82850
82852
82864
82898
82908
82911
82926
82939
82978
82980
83019
83081
83083
83108
83111
83113
83223
83274
83286
83290
83306
83320
83331
83359
83374
83427
83485
83495
83512
83516
83548
83567
83568
83592
83617
83620
83673
83698
83743
83754
83764
83782
83784
83859
83866
83871
83875
83889
83902
83918
83920
83947
83952
83992
84012
84027
84045
84068
84069
84108
84109
84134
84150
84163
84176
84212
84225
84228
84243
84273
84277
84283
84296
84333
84401
84431
84452
84478
84485
84513
84525
84526
84529
84546
84550
84567
84577
84595
84635
84638
84644
84650
84691
84709
84717
84728
84736
84760
84768
84810
84828
84851
84906
84921
85023
85050
85123
85148
85152
85206
85231
85236
85238
85286
85305
85322
85383
85406
85417
85449
85482
85549
85561
85595
85603
85615
85662
85703
85735
85784
85802
85811
85870
85881
85886
85950
85978
85982
85983
85986
86018
86037
86080
86120
86155
86168
86181
86261
86289
86291
86297
86320
86338
86365
86379
86387
86443
86479
86499
86514
86517
86549
86592
86608
86611
86622
86633
86636
86674
86697
86711
86720
86722
86724
86725
86771
86851
86865
86995
87075
87076
87086
87097
87106
87110
87113
87119
87145
87154
87162
87172
87173
87180
87204
87206
87207
87219
87228
87245
87256
87265
87275
87330
87363
87413
87419
87443
87447
87470
87519
87539
87565
87649
87662
87695
87709
87749
87751
87804
87819
87838
87882
87890
87930
87941
87984
87990
87991
88003
88004
88013
88022
88034
88036
88064
88086
88110
88130
88141
88150
88182
88200
88259
88270
88295
88341
88352
88367
88374
88384
88419
88461
88463
88502
88510
88514
88656
88663
88673
88701
88723
88753
88810
88833
88842
88879
88892
88894
88909
88918
88931
88989
89002
89031
89109
89123
89124
89130
89152
89160
89161
89167
89187
89225
89257
89274
89326
89331
89346
89370
89398
89408
89410
89413
89427
89454
89482
89494
89523
89561
89562
89566
89583
89617
89639
89676
89681
89691
89743
89759
89760
89799
89808
89832
89838
89895
89901
89918
89934
89962
89974
89976
89997
90002
90010
90069
90128
90130
90147
90222
90251
90279
90280
90363
90366
90371
90406
90410
90427
90478
90551
90563
90581
90593
90607
90657
90677
90700
90738
90752
90765
90766
90790
90794
90865
90948
90956
90972
91020
91021
91022
91068
91094
91118
91125
91145
91155
91182
91210
91240
91264
91291
91312
91319
91342
91360
91373
91380
91488
91493
91514
91543
91599
91613
91655
91689
91690
91706
91786
91817
91841
91850
91854
91871
91892
91925
91938
91953
91967
91986
91993
92002
92085
92100
92111
92217
92243
92278
92306
92413
92423
92455
92527
92576
92594
92607
92646
92649
92679
92689
92712
92727
92750
92794
92820
92824
92829
92852
92861
92869
92870
92974
92975
92984
93044
93048
93067
93091
93098
93132
93141
93144
93174
93181
93183
93195
93198
93210
93212
93251
93351
93396
93409
93435
93487
93528
93531
93534
93548
93583
93605
93627
93628
93641
93686
93707
93711
93720
93746
93788
93798
93805
93832
93840
93868
93920
93994
94035
94081
94085
94143
94170
94190
94205
94214
94229
94231
94262
94305
94347
94399
94425
94433
94445
94450
94466
94497
94542
94553
94680
94695
94800
94827
94834
94868
94877
94889
94965
94968
95017
95085
95196
95215
95235
95250
95328
95349
95373
95386
95392
95449
95451
95461
95462
95464
95489
95502
95523
95524
95530
95545
95559
95654
95700
95726
95909
97380
98874
103725
109188
153374
157526
158819
159029
159034
166017
167611
169103
169553
170286
171446
171588
172100
172286
173976
175267
176574
177224
181717
184368
184645
185038
187113
187273
187423
188460
188912
189551
189816
189867
190632
191904
192233
193260
198883
199592
200479
202201
204137
205774
208852
209017
209480
209935
211178
211614
211645
214405
215495
217158
218210
218940
220497
221273
221719
223006
225432
227101
227840
228701
228717
228962
229859
229888
230638
231807
237099
238423
238616
240497
240886
240956
243417
248044
248045
248046
248047
248048
248049
248050
248051
248052
248053
248054
248055
248056
248057
248058
248059
248060
248061
248062
248063
248064
248065
248066
248067
248068
248069
248070
248071
248072
248073
248074
248075
248076
